Mixture	B cells	Monocytes	T cells CD4	T cells CD8	NK cells	Dendritic cells	NK T cells	Megakaryocytes
GTEX-111YS	0.004985349	0.850174491	0.02005647	0.071223955	0.006145989	0	0.017232759	0.030180987
GTEX-1122O	0.005449885	0.850435098	0.102573331	0.01573788	0.002727908	0	0.005269069	0.01780683
GTEX-1128S	0.194050113	0.256671679	0	0.337122424	0.060833864	0.015356406	0.042614624	0.09335089
GTEX-113IC	0.113858188	0.267822554	0.068270668	0.34235151	0.026599253	0.058519529	0.116348425	0.006229872
GTEX-113JC	0.197716035	0.419781051	0.055270394	0.174678067	0.062559068	0	0.01169165	0.078303737
GTEX-117XS	0.230399196	0.13305919	0	0.417505737	0.078626818	0.004696186	0.047779522	0.08793335
GTEX-117YW	0.170275038	0.056073925	0	0.588224425	0.08293819	0.02912841	0.039983559	0.033376454
GTEX-1192W	0.204007102	0.12966762	0	0.365913484	0.089178917	0.059837717	0.092865071	0.058530088
GTEX-1192X	0.098890741	0.357480694	0.018742602	0.196882638	0.122893724	0	0.053937567	0.151172034
GTEX-11DXW	0.309022886	0.153377435	0.059855155	0.296541814	0.040348781	0.071566801	0.045368033	0.023919095
GTEX-11DXX	0.070190142	0.839961383	0.033170532	0.023510915	0.008802499	0	0.003749969	0.020614559
GTEX-11DXY	0.157969477	0.049625597	0	0.554294958	0.126076592	0.025281744	0.048463024	0.038288609
GTEX-11DXZ	0.063850228	0.34713781	0.423132153	0.108044603	0.013473863	0.020802373	0.00037511	0.023183861
GTEX-11DYG	0.258651162	0.045989985	0.042241258	0.39379227	0.151923239	0.046001758	0.006524902	0.054875426
GTEX-11EI6	0.144674399	0.382736422	0	0.350915377	0.09654813	0	0.015846394	0.009279278
GTEX-11EM3	0.008697823	0.794450754	0.122747621	0.043745322	0.002601081	0	0.004071699	0.0236857
GTEX-11EMC	0.133283515	0.47212281	0.040246304	0.161173381	0.047186898	0.045278308	0.028753234	0.071955551
GTEX-11EQ8	0.242259317	0.232689823	0	0.272652426	0.127155573	0.032387179	0.008815423	0.084040259
GTEX-11EQ9	0.007798709	0.777261767	0.107804389	0	0.001557123	0	0.022762961	0.082815051
GTEX-11GS4	0.140977975	0.345871434	0	0.315583951	0.077488864	0.021632301	0.073135386	0.02531009
GTEX-11GSO	0.128146524	0.407702114	0	0.299504793	0.043551275	0.028461313	0.052307349	0.040326631
GTEX-11GSP	0.149755945	0.37669842	0.146273795	0.166348007	0.074644115	0	0.014997037	0.071282681
GTEX-11I78	0	0.748134376	0.187674635	0.053447815	0.005458262	0	0.00108813	0.004196781
GTEX-11LCK	0.072366491	0.853915872	0.013816663	0.038344852	0.006646377	0	0.008635185	0.006274559
GTEX-11NUK	0.318342132	0.035321867	0.009573212	0.322266301	0.146550914	0.088588783	0.014778882	0.064577908
GTEX-11NV4	0.167784482	0.042972459	0	0.363803512	0.207193537	0.020136686	0.195859803	0.002249521
GTEX-11O72	0.096928881	0.612283631	0.005518396	0.13933168	0.09914882	0	0.012605869	0.034182723
GTEX-11OC5	0.242261532	0.325978776	0.034133351	0.216185897	0.07506595	0.012416441	0.086234983	0.00772307
GTEX-11OF3	0.216238755	0.130015326	0	0.34155213	0.122378882	0.027385536	0.066069085	0.096360286
GTEX-11ONC	0.093105032	0.134789561	0	0.559671552	0.065970368	0.003004166	0.048317441	0.095141882
GTEX-11P7K	0.040009875	0.665109523	0.230899478	0.040998734	0.009004065	0	0	0.013978326
GTEX-11P81	0.066367487	0.748266216	0.084860909	0.09098609	0.005299746	0	0	0.004219551
GTEX-11P82	0.017824286	0.734908354	0.135874777	0.060010488	0.003202065	0	0.019583927	0.028596102
GTEX-11PRG	0.333057876	0	0	0.401759554	0.092172193	0.06867688	0.025723517	0.07860998
GTEX-11TT1	0.052091978	0.805065038	0.07704974	0.032388873	0.010226003	0	0	0.023178368
GTEX-11TTK	0.081924118	0.294960497	0	0.385285619	0.041843809	0	0.063824866	0.13216109
GTEX-11TUW	0.11494809	0.617480387	0.13572703	0.066265166	0.033384918	0.001144153	0.01939603	0.011654226
GTEX-11UD2	0.200424928	0.5280519	0.033295435	0.123319549	0.079554219	0.001928937	0.003478286	0.029946746
GTEX-11VI4	0.058717608	0.739675224	0.144766967	0.019091275	0.006069638	0	0.009514958	0.02216433
GTEX-11WQC	0.191930504	0.281554626	0.030535988	0.301926105	0.06976231	0.010284427	0.095527136	0.018478905
GTEX-11WQK	0.110086714	0.032095324	0.410941034	0.324396716	0.065499913	0	0	0.056980299
GTEX-11XUK	0.063910431	0.776205049	0.091456117	0.02798341	0.016931012	0	0.010606679	0.012907302
GTEX-11ZTS	0.210258236	0.067221013	0	0.454193375	0.143341307	0.05647764	0.057343776	0.011164652
GTEX-11ZTT	0.013316839	0.779105179	0.061182093	0.074167608	0.013658765	0	0	0.058569517
GTEX-11ZU8	0.13284178	0.383468702	0	0.328308707	0.038558792	0.001748942	0.069649823	0.045423254
GTEX-11ZUS	0.240250888	0.110730134	0.025414968	0.369170162	0.131844522	0.005124943	0.097350844	0.020113538
GTEX-11ZVC	0.153953867	0.545157428	0.061327662	0.14842104	0.048696765	0	0.023855921	0.018587316
GTEX-1211K	0.065360953	0.889997312	0	0.022277886	0.00031389	0	0.01963256	0.002417397
GTEX-12126	0.200910189	0.205542765	0	0.420367467	0.11562802	0	0.010025068	0.047526492
GTEX-1212Z	0.054734549	0.449697856	0	0.304833527	0.061448601	0	0.028027804	0.101257663
GTEX-12584	0.150231438	0.331058506	0	0.344175297	0.08648505	0	0.035778743	0.052270965
GTEX-12696	0.06740329	0.383185394	0.134433985	0.091296822	0.054824838	0.176214135	0.074986938	0.017654599
GTEX-1269C	0.186358014	0.287204396	0	0.27038901	0.122387855	0	0.039422729	0.094237995
GTEX-12BJ1	0.022671058	0.857837237	0.051803473	0.036530491	0.004848002	0	0.012519522	0.013790217
GTEX-12C56	0.087628773	0.764424636	0.061766276	0.022192935	0.002809277	0	0.023412752	0.037765351
GTEX-12KS4	0.093327885	0.342864723	0.106713817	0.323397366	0.071904711	0.022442968	0.029885801	0.009462729
GTEX-12WSC	0.204377696	0.0698951	0	0.407133236	0.130011664	0.033420766	0.151348227	0.003813312
GTEX-12WSD	0.167547862	0.035848208	0	0.455855226	0.076613167	0.030337674	0.209083379	0.024714483
GTEX-12WSE	0.170682412	0.403429596	0	0.226387607	0.110870878	0	0.076226372	0.012403135
GTEX-12WSF	0.134517505	0.224439963	0	0.346215562	0.147156788	0.015402942	0.092352636	0.039914605
GTEX-12WSG	0.124292111	0.428059411	0	0.317719424	0.047883015	0	0.022491862	0.059554178
GTEX-12WSH	0.137744675	0.428566436	0.007380058	0.236323296	0.112632038	0.002648653	0.060291511	0.014413334
GTEX-12WSI	0.195627622	0.117436335	0	0.465582422	0.125043486	0.003288553	0.031950128	0.061071453
GTEX-12WSJ	0.077557773	0.879218409	0.003882242	0.015237765	0.001065287	0	0.015324049	0.007714475
GTEX-12WSK	0.064340064	0.742238092	0.099109517	0.021030144	0.007678402	0	0.019822423	0.045781358
GTEX-12WSL	0.019802962	0.839597416	0.064494016	0.036181269	0.012761693	0	0.011223574	0.01593907
GTEX-12WSM	0.124162791	0.43768702	0	0.21044824	0.104070327	0	0.058306294	0.065325328
GTEX-12WSN	0.043301853	0.785160134	0.092281386	0.048607492	0.020922111	0	0	0.009727024
GTEX-12ZZW	0.101815895	0.447797542	0	0.236731211	0.049156073	0	0.039525053	0.124974226
GTEX-12ZZX	0.262439806	0.06656974	0	0.376811509	0.177147573	0.04057502	0.03163734	0.044819012
GTEX-13111	0.022840639	0.832856006	0.063341438	0.059691788	0.004288357	0	0.00846851	0.008513262
GTEX-13113	0.024007297	0.891377575	0.007062023	0.01341818	0.000718331	0	0.022262574	0.04115402
GTEX-1313W	0.175142842	0.215641943	0.118986735	0.274646225	0.131881913	0.012215412	0	0.071484929
GTEX-1314G	0.104825844	0.249680521	0.235550462	0.10656135	0.070240142	0.068016162	0.01889035	0.146235168
GTEX-131XE	0.033918273	0.65074244	0.113081695	0.090250597	0.018686888	0	0.051707354	0.041612753
GTEX-131XF	0.080005783	0.621106366	0.122465631	0.104720482	0.016938636	0	0.005365613	0.04939749
GTEX-131XG	0.152849467	0.746959983	0.06361304	0.024636661	0.001617317	0	0.004522776	0.005800757
GTEX-131XH	0.144852333	0.080232185	0.023557265	0.49951692	0.123106597	0.031309719	0	0.09742498
GTEX-131XW	0.123625813	0.274267976	0	0.38065516	0.061908958	0	0.095472021	0.064070073
GTEX-131YS	0.259539108	0	0.119089684	0.259530545	0.214250752	0.114375867	0	0.033214044
GTEX-132AR	0.061399273	0.690120434	0.114984781	0.082061507	0.020370073	0	0.003750838	0.027313094
GTEX-132NY	0.109521031	0.257346776	0	0.45987414	0.088584108	0.005517072	0.05878566	0.020371213
GTEX-132Q8	0.081035561	0.282928803	0.139099832	0.067049962	0.159494341	0.041103611	0.096092464	0.133195425
GTEX-132QS	0.046194405	0.901183177	0	0.02080441	0.001367658	0	0.019220205	0.011230145
GTEX-1339X	0.193272058	0.763953035	0	0.012298802	0.001928086	0	0.0174991	0.01104892
GTEX-1399R	0.181120173	0.304835962	0.302945123	0.189010306	0.005552573	0.011586584	0	0.004949279
GTEX-1399S	0.059820027	0.768289196	0.099382314	0.041984812	0.006769115	0	0.001288014	0.022466522
GTEX-1399U	0.10161585	0.842108626	0.010392875	0.029714274	0.003079412	0	0.000632246	0.012456717
GTEX-139D8	0.113829057	0.510016804	0.088271898	0.12032186	0.138639507	0	0.01190524	0.017015635
GTEX-139T6	0.037371304	0.861726142	0.028830009	0	0.001024868	0	0.02177993	0.049267747
GTEX-139T8	0.105596639	0.229631304	0.255880414	0.040702387	0.141020031	0.092675323	0.072704514	0.061789387
GTEX-139TS	0.116992413	0.39432951	0.163110974	0.127584027	0.079383203	0.060343049	0.019239051	0.039017773
GTEX-139TT	0.219863179	0.039232274	0	0.493943194	0.181523545	0.018553896	0	0.046883911
GTEX-139TU	0.109159675	0.334016613	0.119242636	0.31402563	0.048302195	0.013161056	0.055596596	0.0064956
GTEX-139UW	0.189431609	0.367047244	0.110718972	0.171594137	0.038398508	0.033419537	0.015944645	0.073445348
GTEX-13CF2	0.316394967	0.111663469	0	0.364497176	0.055946038	0.005086896	0.085435075	0.06097638
GTEX-13CF3	0.078405857	0.780377539	0	0.018423891	0.007545906	0	0.03458925	0.080657556
GTEX-13CIG	0.079971484	0.46395352	0.147471255	0.103474645	0.055203074	0.010002099	0.07189086	0.068033063
GTEX-13CZU	0.024272019	0.83394964	0.095264545	0.009910625	0.013499777	0	0.014047421	0.009055974
GTEX-13FTW	0	0.790622291	0.139339057	0.039085299	0.023656025	0	0.003231662	0.004065667
GTEX-13FTX	0.076535082	0.590127273	0.229378917	0.02320523	0.003255715	0	0.003447719	0.074050064
GTEX-13FTY	0.219117369	0.055552522	0.155419514	0.233211285	0.153744822	0.103784589	0.069144415	0.010025485
GTEX-13FTZ	0.199565071	0.213573613	0.024831777	0.314785454	0.106666301	0.00894346	0.028931723	0.102702603
GTEX-13FXS	0.203348265	0.065907605	0	0.373607546	0.188536722	0.049992676	0.081187574	0.037419613
GTEX-13G51	0.185160262	0.055417539	0	0.513539853	0.168192656	0.059379257	0.002304222	0.016006211
GTEX-13JUV	0.241078896	0.148340843	0.177093792	0.131687031	0.101679146	0.098682264	0.035551284	0.065886744
GTEX-13O61	0.001645275	0.886506641	0.049359631	0.045630246	0.011308211	0	0	0.005549996
GTEX-13OVG	0.081862845	0.827495426	0.016395985	0.020537001	0.003316512	0	0.019719605	0.030672627
GTEX-13OVH	0.164685352	0.55263199	0.012565549	0.16288872	0.037462537	0	0.015390318	0.054375534
GTEX-13OVI	0.051795503	0.759831244	0.069754831	0.072200424	0.008993482	0	0	0.037424517
GTEX-13OVJ	0.094994839	0.658378217	0.048858113	0.049342508	0.030494386	0	0.013665204	0.104266732
GTEX-13OVK	0.15304474	0.646736238	0.017810435	0.049135298	0.001884568	0	0.010500809	0.120887911
GTEX-13OVL	0.143902846	0.247475789	0	0.360450125	0.102765565	0.001932311	0.056722092	0.086751273
GTEX-13OW6	0.277245904	0.106121299	0	0.32810362	0.169038508	0.04637548	0.056549054	0.016566135
GTEX-13OW8	0.124328568	0.088766091	0.227315182	0.277523105	0.08575005	0.094584859	0.004174316	0.097557829
GTEX-13PL7	0.056174691	0.594148528	0.126646215	0.127938396	0.008912568	0	0.050709757	0.035469845
GTEX-13PLJ	0.223330949	0.10985422	0	0.240369656	0.17071458	0.030145527	0.133076566	0.092508503
GTEX-13S7M	0.095553236	0.572825512	0	0.150004028	0.084663797	0	0.078877893	0.018075534
GTEX-13S86	0.066016523	0.73046278	0.098347142	0.053365793	0.016345025	0	0.022131086	0.01333165
GTEX-13SLX	0.204138853	0.163560969	0	0.430178909	0.071013932	0	0.079333955	0.051773382
GTEX-13U4I	0.118252432	0.630227372	0.098228787	0.10080761	0.02214676	0	0.017457262	0.012879776
GTEX-13VXT	0.028354673	0.825176095	0.078659544	0.057770252	0.003896796	0	0	0.00614264
GTEX-13VXU	0.106844101	0.265382904	0	0.474431719	0.091965065	0	0.045543904	0.015832308
GTEX-13W3W	0	0.928042613	0.036913082	0.006904756	0.005146124	0	0.013483479	0.009509946
GTEX-1477Z	0.216579782	0.210831544	0.039663283	0.177155818	0.080336858	0.020904052	0.085583849	0.168944814
GTEX-147F3	0.018587473	0.817491555	0.080892891	0.049068125	0.002275475	0	0.016574765	0.015109716
GTEX-147F4	0.277558655	0.293714883	0	0.081309488	0.083767295	0.005600023	0.072240135	0.185809522
GTEX-147GR	0.255717274	0.17910124	0.083747414	0.12425112	0.063746711	0.186987567	0.015363796	0.091084878
GTEX-147JS	0.22739476	0.001178426	0	0.482348268	0.058289765	0.114914077	0.074378602	0.041496103
GTEX-148VI	0.238586708	0.231767056	0.030163678	0.194889975	0.157285341	0	0.085439319	0.061867923
GTEX-148VJ	0.080239368	0.626672001	0	0.188989326	0.054443062	0	0	0.049656243
GTEX-1497J	0.020645999	0.588027607	0.168991744	0.127914413	0.051339479	0	0.026644449	0.016436308
GTEX-14A5H	0.151830264	0.540491649	0	0.201374561	0.063371753	0	0.000514227	0.042417546
GTEX-14A5I	0.103793661	0.570218583	0.028967283	0.149283277	0.046228054	0	0.054101914	0.047407228
GTEX-14A6H	0.305142697	0.332149969	0.064126579	0.155791379	0.074752156	0.013735783	0.03354438	0.020757057
GTEX-14ABY	0.235771487	0.019332915	0.174832212	0.240014176	0.156495507	0.039773951	0.083176669	0.050603083
GTEX-14AS3	0.10065184	0.359088341	0.138479779	0.116106695	0.085521763	0.042874419	0.130682989	0.026594174
GTEX-14B4R	0	0.736436633	0.158443596	0.049895464	0.016441808	0	0.001360244	0.037422256
GTEX-14BIL	0.144403918	0.250031395	0.041674582	0.319909162	0.079839018	0.022861685	0.027689036	0.113591205
GTEX-14BIM	0.049018056	0.761103468	0.104396789	0.044381117	0.019943961	0	0.005476757	0.015679853
GTEX-14BIN	0.089990138	0.339273508	0.008331599	0.28429052	0.161384909	0	0.107329744	0.009399582
GTEX-14BMU	0.047935513	0.820083351	0.081252344	0.023645182	0.004629638	0	0.003102689	0.019351283
GTEX-14BMV	0.30217544	0.13728733	0.044245236	0.253896475	0.086810315	0.100455917	0.063157052	0.011972235
GTEX-14C38	0.084690739	0.749902418	0.019597987	0.049182818	0.017293138	0	0.021548461	0.057784438
GTEX-14C39	0.09250709	0.534556351	0.071879151	0.127885092	0.042991333	0.017657954	0.008468259	0.10405477
GTEX-14C5O	0.099247578	0.318622969	0.041916133	0.103688451	0.092903756	0	0.156455492	0.187165621
GTEX-14DAQ	0.230307504	0.035607722	0.060990505	0.348654961	0.130188901	0.093556715	0.089069773	0.011623919
GTEX-14DAR	0.034644062	0.797715621	0.102397222	0.036463299	0.002872617	0	0.000691992	0.025215187
GTEX-14E1K	0	0.77067363	0.153272416	0.041880485	0.010579819	0	0	0.023593649
GTEX-14E6C	0.070382069	0.472738618	0.011471759	0.305152578	0.024580879	0	0.078560977	0.037113119
GTEX-14E6D	0.17696259	0.341986915	0	0.259578994	0.181968586	0.021790311	0.002040478	0.015672126
GTEX-14E6E	0.00964629	0.926010141	0.040552547	0.011789486	0.006058556	0	0.003849415	0.002093565
GTEX-14E7W	0.289556589	0.139064785	0.00175636	0.316169685	0.153678376	0.019421588	0.068772729	0.011579888
GTEX-14H4A	0.057997161	0.878081106	0.036213527	0.011167285	0.002836621	0	0.010394137	0.003310163
GTEX-14ICK	0	0.89620767	0.02135673	0.047190153	0.014434731	0	0.013981582	0.006829135
GTEX-14ICL	0.015042302	0.605940384	0.147112031	0.101450665	0.065983278	0	0.038488966	0.025982372
GTEX-14JFF	0.078550373	0.175633565	0	0.472168672	0.172784686	0.003207661	0.056871344	0.040783699
GTEX-14JG1	0.201169633	0.023832691	0.20104357	0.371015348	0.119131643	0.035417666	0	0.048389448
GTEX-14JG6	0.072477851	0.715200561	0.101099046	0.049899509	0.003707827	0	0.015914524	0.041700682
GTEX-14JIY	0.238023866	0.38364273	0	0.129041575	0.095566083	0	0.039576001	0.114149746
GTEX-14LLW	0.060613311	0.709333713	0.038618598	0.095473805	0.04253924	0	0.008718739	0.044702594
GTEX-14LZ3	0.106989363	0.653056833	0.015198999	0.130875283	0.046336386	0	0.020189039	0.027354097
GTEX-14PHW	0.120192011	0.25380777	0.105057367	0.186627117	0.076980295	0	0.068423099	0.188912341
GTEX-14PHY	0.038538013	0.775879379	0.075271822	0.055815597	0.006396153	0	0.010216115	0.037882921
GTEX-14PII	0.072154346	0.434687008	0	0.315229325	0.095153004	0	0.027732915	0.055043401
GTEX-14PJ2	0.305168347	0.31773473	0.006029487	0.043925493	0.087625125	0.120367036	0.096606577	0.022543205
GTEX-14PJ3	0.001490234	0.893146621	0.074835182	0.01264388	0.002293746	0	0.008379689	0.007210648
GTEX-14PJ4	0	0.776372456	0.099950719	0.043969901	0.049345762	0	0	0.030361161
GTEX-14PJ5	0.05569829	0.682790438	0.177746628	0.046577223	0.005981417	0	0	0.031206005
GTEX-14PJ6	0.031537035	0.783602529	0.030093165	0.073467041	0.004674783	0	0.01651485	0.060110598
GTEX-14PJM	0.125582386	0.270136911	0.100799697	0.330084146	0.092131118	0.051006877	0.01950909	0.010749773
GTEX-14PJN	0.065399424	0.775085618	0.057935473	0.055616982	0.004612235	0	0	0.041350269
GTEX-14PJO	0.022692288	0.521994689	0.19764464	0.10136911	0.039898944	0	0.031810885	0.084589444
GTEX-14PJP	0.015263803	0.906598208	0.040199071	0.006865976	0.006462166	0	0.015773506	0.008837269
GTEX-14PK6	0.0719132	0.760625289	0.078013742	0.03048139	0.022191323	0	0.02018849	0.016586566
GTEX-14PKU	0.085730328	0.821744833	0	0.037063148	0.002316781	0	0.026652434	0.026492476
GTEX-14PKV	0.053035975	0.747744244	0.113770522	0.002582883	7.00E-05	0	0.037127169	0.045669191
GTEX-14PN3	0	0.879605232	0.021667784	0.054620036	0.013009322	0	0.015414831	0.015682796
GTEX-14PN4	0.158490855	0.728444027	0	0.01402515	0.003079339	0	0.02565817	0.070302459
GTEX-14PQA	0.086234288	0.61313249	0.073734467	0.095386934	0.058554596	0	0.030706311	0.042250914
GTEX-14XAO	0.003411527	0.903352927	0.061743421	0.001072557	0.005891266	0	0.016735289	0.007793013
GTEX-15CHC	0.026070653	0.838216503	0.040884692	0.019298174	0.003793719	0	0.01193804	0.059798219
GTEX-15CHQ	0.125916945	0.088467535	0	0.469852216	0.186839466	0.019538312	0.042568942	0.066816584
GTEX-15CHR	0	0.777613254	0.171513903	0.028989915	0.005572251	0	0.008636058	0.00767462
GTEX-15D1Q	0.14342548	0.406840602	0.113873216	0.238094536	0.012744205	0.040462703	0.03836284	0.006196417
GTEX-15D79	0.21494572	0.204704368	0	0.3664578	0.077990976	0.009496323	0.096332727	0.030072087
GTEX-15DCD	0.103135496	0.267828789	0	0.434324815	0.114822954	0	0.075617898	0.004270048
GTEX-15DCE	0.027856739	0.674396711	0.057914703	0.090523329	0.011889945	0	0.030765706	0.106652867
GTEX-15DYW	0.138623603	0.07233417	0	0.501305777	0.119424576	0.007038685	0.144271981	0.017001207
GTEX-15DZA	0.016992391	0.757007004	0.101216675	0.046389319	0.005304079	0	0.01025145	0.062839082
GTEX-15EO6	0.118806311	0.632702156	0.017025305	0.007569391	0.041439982	0	0.039354101	0.143102754
GTEX-15ETS	0.054910117	0.776113101	0.094950715	0.034581081	0.002962146	0	0.004124827	0.032358014
GTEX-15EU6	0.105510226	0.862505093	0.001434804	0.008215854	0.000499912	0	0.010181326	0.011652785
GTEX-15G19	0.067007785	0.021876613	0	0.552012268	0.222582399	0	0.049777862	0.086743073
GTEX-15G1A	0.080746991	0.861829389	0	0.033494236	0.007926008	0	0.006661297	0.009342079
GTEX-15RIE	0.05557164	0.699423894	0.141004992	0.04728472	0.007552087	0	0.020409429	0.028753238
GTEX-15RIF	0.012127914	0.855118103	0.081442689	0.020470032	0.002494506	0	0.000291142	0.028055614
GTEX-15RIG	0.001547306	0.896698626	0.027431429	0.05217832	0.007991453	0	0	0.014152865
GTEX-15RJ7	0.043679063	0.636849454	0.161041075	0.10454958	0.011747067	0	0.000136908	0.041996853
GTEX-15RJE	0.073369879	0.589694049	0.142595788	0.052469388	0.050850692	0	0.011178039	0.079842165
GTEX-15SB6	0.016268894	0.761604407	0.107076026	0.046994751	0.005715054	0	0.003748228	0.058592641
GTEX-15SDE	0.079299815	0.571063001	0.227750446	0.085369495	0.011971201	0	0	0.024546041
GTEX-16AAH	0.012342856	0.837636345	0.010661578	0.073732054	0.016844633	0	0	0.048782533
GTEX-16BQI	0.084214895	0.759528931	0.089017932	0.024398752	0.004167275	0	0.007195479	0.031476737
GTEX-16MT8	0.215760186	0.336893059	0	0.208351081	0.081708524	0	0.056498861	0.100788289
GTEX-16MT9	0.091233801	0.321757485	0	0.450738057	0.072444952	0	0.045055499	0.018770206
GTEX-16MTA	0.016784111	0.862772923	0.05611587	0.012725484	0.013018769	0	0.014387362	0.024195481
GTEX-16NGA	0.049952711	0.756894755	0.098468945	0.0579003	0.003910444	0	0.012293662	0.020579182
GTEX-16NPV	0.108117014	0.495817543	0	0.168388425	0.105175408	0	0.051462824	0.071038786
GTEX-16NPX	0.092436038	0.382046878	0	0.297290606	0.152546763	0	0.073315926	0.002363789
GTEX-16XZY	0.022703507	0.843135856	0	0.107802558	0.010345264	0	0	0.016012815
GTEX-16XZZ	0.108670174	0.634162566	0.038127736	0.034343618	0.028631432	0	0.009414297	0.146650177
GTEX-16YQH	0.16002696	0.401040018	0.051304491	0.246561853	0.049418834	0	0.025245953	0.06640189
GTEX-16Z82	0.126530708	0.398768065	0.009912853	0.306557699	0.066160612	0	0.059101122	0.032968942
GTEX-178AV	0.071808321	0.523150499	0.234835635	0.04710604	0.014883905	0	0.017158006	0.091057595
GTEX-17EUY	0.08530357	0.786349863	0.074178082	0.022096434	0.002863186	0	0.01495308	0.014255785
GTEX-17EVP	0.315871854	0.164518634	0.055290988	0.249783295	0.068865734	0.034554636	0.031344551	0.079770309
GTEX-17EVQ	0.16248318	0.353378964	0.030778109	0.291920816	0.100540575	0.004303127	0.029310175	0.027285054
GTEX-17GQL	0.019988975	0.738124315	0.072209968	0.105657899	0.004734526	0	0	0.059284317
GTEX-17HG3	0.25431919	0.291867204	0.110739275	0.189591861	0.051306234	0.008197018	0.044806102	0.049173116
GTEX-17HGU	0.144081353	0.531515476	0.046243046	0.172902289	0.05807486	0	0	0.047182976
GTEX-17HHE	0.160611096	0.402148477	0.198135393	0.131175594	0.071616592	0	0.003212676	0.033100173
GTEX-17HHY	0.238317649	0.013510693	0	0.415928631	0.110745975	0.07361865	0.099987317	0.047891084
GTEX-17HII	0.124621443	0.609372992	0.042680647	0.107189996	0.02480194	0	0.023178511	0.068154471
GTEX-17JCI	0.180499878	0.236715791	0.110538497	0.29112675	0.051862856	0.021643447	0.063252644	0.044360138
GTEX-17KNJ	0	0.779032861	0.105827426	0.062695475	0.00823656	0	0.014059695	0.030147984
GTEX-17MFQ	0.039921062	0.795788283	0.099661365	0.050498108	0.006332086	0	0.004112748	0.003686347
GTEX-183FY	0.033369481	0.847825534	0.057211889	0.049841616	0.004955679	0	0.004420849	0.002374953
GTEX-183WM	0.172597414	0.725067117	0	0.063581962	0.00324106	0	0.030266289	0.005246157
GTEX-18465	0.161898038	0.282621539	0.200441732	0.221524446	0.08108601	0.006222199	0.035719518	0.010486518
GTEX-18A66	0.097703637	0.648172634	0	0.184783675	0.029960627	0	0.017181121	0.022198306
GTEX-18A67	0.064482367	0.770238332	0.011698926	0.113643314	0.008711815	0	0.014773191	0.016452054
GTEX-18A6Q	0.297758476	0.207602846	0.046771087	0.226243458	0.114342558	0.014247671	0.038787494	0.054246411
GTEX-18A7A	0.196828045	0.134053962	0.111674454	0.292198296	0.089657679	0.023453828	0.072288145	0.079845592
GTEX-18A7B	0.065172935	0.4072231	0.062991114	0.15101476	0.042118847	0	0.058729257	0.212749988
GTEX-18D9A	0.095829587	0.583832936	0.052854816	0.118683947	0.052044405	0	0.022079255	0.074675056
GTEX-18D9B	0	0.695752408	0.177352617	0.049213005	0.009193419	0	0	0.068488552
GTEX-18D9U	0.02363778	0.484061442	0	0.346282111	0.078027693	0	0.055880523	0.012110452
GTEX-18QFQ	0.050333144	0.775199418	0.125948399	0.032469287	0.003294738	0	0.005629711	0.007125303
GTEX-1A32A	0.141657129	0.488499325	0	0.203493278	0.04243232	0	0.027760111	0.096157837
GTEX-1A3MV	0.028851364	0.660674278	0.177560252	0.112831323	0.005687569	0	9.03E-05	0.014304872
GTEX-1A3MW	0.109560406	0.766981785	0	0.026787464	0.028068429	0	0.030054489	0.038547426
GTEX-1A3MX	0.102964073	0.749234884	0	0.02278686	0.01639821	0	0.024992655	0.083623317
GTEX-1A8FM	0.082009261	0.210379085	0	0.511823827	0.060689567	0.010112966	0.04537782	0.079607474
GTEX-1A8G6	0.156641241	0.336618706	0	0.309965429	0.071046386	0	0.077146968	0.048581269
GTEX-1A8G7	0.160289306	0.248170239	0	0.420625883	0.109767284	0.000336161	0.042994589	0.017816538
GTEX-1AMEY	0.044890637	0.888204438	0.007495928	0.033338344	0.003840445	0	0.000231428	0.021998779
GTEX-1AMFI	0.088839611	0.699982689	0.159197754	0.037608957	0.005313551	0	0	0.009057438
GTEX-1AX8Z	0.025220098	0.839056323	0.062835505	0.051698927	0.018009342	0	0	0.003179806
GTEX-1AX9I	0.160538094	0.386363707	0	0.259595961	0.089131118	0.001999069	0.078718434	0.023653616
GTEX-1AX9J	0.094129609	0.833725104	0	0.006115136	0.002413185	0	0.029777078	0.033839888
GTEX-1AX9K	0	0.762712116	0.106769699	0.05345799	0.001686234	0	0.008320499	0.067053462
GTEX-1AYCT	0.071353039	0.756642318	0.010226058	0.063092832	0.001235758	0	0.027508306	0.069941688
GTEX-1AYD5	0.153354489	0.208138559	0.046461258	0.421979257	0.098012651	0.006593968	0.061082008	0.00437781
GTEX-1B8KE	0	0.666431063	0.209748538	0.043692756	0.036864612	0	0.01501595	0.02824708
GTEX-1B8KZ	0.112438651	0.522409711	0.08460322	0.149862511	0.02358343	0	0.02460847	0.082494006
GTEX-1B8L1	0.320414904	0.005923936	0.037268526	0.299965409	0.10358637	0.051703579	0.051893754	0.129243521
GTEX-1B8SF	0.205316836	0.107294312	0	0.400106021	0.119002808	0.052080765	0.100964677	0.015234581
GTEX-1B8SG	0.202288593	0.540229125	0.031780743	0.135743609	0.03224498	0	0.027106258	0.030606692
GTEX-1B932	0.07841005	0.661333051	0.081946316	0.124739509	0.031645169	0	0.007337111	0.014588794
GTEX-1B933	0.174992427	0.161090278	0	0.42219211	0.1201632	0	0.061701969	0.059860015
GTEX-1B97I	0.080564371	0.773616484	0.078437759	0.017803767	0.004007999	0	0.007443231	0.038126388
GTEX-1B97J	0.065449953	0.77899287	0.035589502	0.073296005	0.003869843	0	0	0.042801828
GTEX-1B996	0.132272748	0.672314176	0.030622862	0.060069965	0.018733553	0	0.032538782	0.053447915
GTEX-1BAJH	0.126674241	0.075628326	0	0.499116992	0.151201624	0.036810981	0.074304958	0.036262878
GTEX-1C2JI	0	0.8460405	0.037581227	0.068965583	0.020808351	0	0.006326551	0.020277788
GTEX-1C475	0.018608395	0.853234755	0.047161264	0.024129397	0.003555075	0	0.013229186	0.040081928
GTEX-1C4CL	0.103270971	0.569534557	0.145693601	0.084186062	0.002496665	0	0.016546659	0.078271486
GTEX-1C64N	0.384509081	0.071316511	0.157148376	0.224878458	0.074104757	0.045393919	0.008199252	0.034449646
GTEX-1C64O	0.057677451	0.886827418	0.001599631	0.013812907	0.003601213	0	0.021126768	0.015354613
GTEX-1C6VQ	0.106948951	0.457658671	0.135962633	0.105300359	0.045499884	0	0.023436111	0.125193392
GTEX-1C6VR	0.161855936	0.248765726	0	0.278465939	0.142007088	0	0.064827264	0.104078047
GTEX-1C6VS	0.198891633	0.617514407	0	0.067680716	0.027965947	0	0.024542944	0.063404354
GTEX-1CAMR	0.043217857	0.923892895	0	0	0.000624374	0	0.021777959	0.010486915
GTEX-1CAMS	0.022107888	0.892056656	0.056691777	0.013874919	0.005213139	0	0	0.010055622
GTEX-1CB4E	0.034325988	0.817302832	0.089319082	0.027624431	0.005551332	0	0.005948944	0.019927392
GTEX-1CB4G	0.238792785	0.191881675	0	0.397132972	0.071163833	0.005074268	0.066559132	0.029395335
GTEX-1CB4H	0.058490108	0.442626064	0	0.35686095	0.038323701	0	0.081303296	0.022395882
GTEX-1CB4I	0.073926905	0.777321074	0.062807965	0.030928084	0.007704705	0	0.018857995	0.028453273
GTEX-1CB4J	0.11700609	0.44441611	0.011044109	0.23219384	0.07403084	0	0.024802475	0.096506537
GTEX-1E1VI	0.121773863	0.455101338	0.070582581	0.172991639	0.071056709	0	0.048060159	0.060433713
GTEX-1E2YA	0.065908638	0.353715705	0	0.469267079	0.033596097	0	0.037897298	0.039615182
GTEX-1EH9U	0.079014058	0.72628463	0.021722534	0.046667046	0.045788295	0	0.042111264	0.038412173
GTEX-1EKGG	0.205219764	0.199616574	0	0.378004512	0.09795722	0	0.012824037	0.106377893
GTEX-1EMGI	0.230403526	0.150696851	0.129735129	0.240959322	0.162388468	0.011296641	0.043685244	0.030834819
GTEX-1EN7A	0.122308994	0.318069496	0.12670017	0.278754802	0.050012421	0.046986973	0.017592715	0.039574428
GTEX-1EU9M	0.150156232	0.385098686	0	0.346492864	0.053891834	0	0.036171599	0.028188784
GTEX-1EWIQ	0.129809616	0.273966088	0	0.403203566	0.116910236	0	0.051554688	0.024555805
GTEX-1EX96	0.125768236	0.393007561	0.052105308	0.190043346	0.094937588	0	0.106203806	0.037934155
GTEX-1F48J	0.100626038	0.690486934	0	0.128582453	0.044011792	0	0.022796344	0.013496439
GTEX-1F52S	0.113142899	0.70875913	0.00587597	0.091074016	0.036679368	0	0.02688058	0.017588036
GTEX-1F5PK	0.024592264	0.816013752	0.09917217	0.033093412	0.007115295	0	0.004153208	0.015859899
GTEX-1F6I4	0.219637294	0.188784081	0	0.297111352	0.097475904	0.00796868	0.118356563	0.070666126
GTEX-1F6IF	0.206115135	0.291970921	0	0.30089665	0.078827794	0	0.032138368	0.090051133
GTEX-1F75I	0.018922658	0.821661272	0.088758496	0	0.001874531	0	0.020944431	0.047838612
GTEX-1F75W	0.062095781	0.327343608	0	0.417910579	0.087277789	0	0.098137212	0.007235031
GTEX-1F7RK	0.096404826	0.255240229	0	0.419285067	0.094828004	0.008146976	0.077834528	0.048260371
GTEX-1F88F	0.124910029	0.367899922	0	0.293304087	0.111630725	0	0.068316529	0.033938709
GTEX-1GF9U	0.057728458	0.803057798	0.045852375	0.040864662	0.004897047	0	0.012341254	0.035258406
GTEX-1GF9V	0.214468082	0.128191459	0	0.451589023	0.134307008	0.021482781	0.00317334	0.046788306
GTEX-1GF9W	0.054887014	0.748528442	0.076492435	0.054343029	0.018945631	0	0.006507241	0.040296208
GTEX-1GF9X	0.105551604	0.586503994	0.154519489	0.059625502	0.003324925	0	0.032384847	0.058089639
GTEX-1GMR2	0.016806004	0.717278764	0.079321284	0	0.000932138	0	0.033220577	0.152441232
GTEX-1GMR3	0.098797169	0.427518235	0.234073056	0.179994885	0.009463222	0.011295974	0.009663211	0.029194249
GTEX-1GMR8	0.060215114	0.460182606	0.102590254	0.143327902	0.137343249	0.001016623	0.061474626	0.033849626
GTEX-1GMRU	0.192742618	0.119118831	0	0.336984987	0.159641166	0.007366697	0.144227768	0.039917932
GTEX-1GN1U	0.070928983	0.515325763	0.165081145	0.095048973	0.049142583	0.012312363	0.02338803	0.068772159
GTEX-1GN1V	0.201613222	0.561405976	0	0.133709734	0.057344893	0	0.031644848	0.014281326
GTEX-1GN1W	0.058337649	0.863589816	0.030145062	0.013351795	0.004012122	0	0.004220218	0.026343338
GTEX-1GN2E	0.177266833	0.306309705	0.067941956	0.326644758	0.065506255	0	0.044706986	0.011623507
GTEX-1GN73	0.175033949	0.260126728	0.177081921	0.090727219	0.09576912	0.145830701	0.003733964	0.051696399
GTEX-1GPI6	0.068509806	0.550242612	0	0.182164269	0.093670025	0	0.059184615	0.046228672
GTEX-1GPI7	0.083232419	0.842125258	0.028001094	0.038024892	0.002364951	0	0	0.006251386
GTEX-1GTWX	0.194276764	0.294123234	0.135055272	0.169349362	0.07064071	0.031662621	0.033320972	0.071571065
GTEX-1GZ2Q	0.149697749	0.456639144	0	0.197468704	0.081670026	0	0.101150665	0.013373713
GTEX-1GZ4H	0	0.835064578	0.053540644	0.055917013	0.000812188	0	0.015271529	0.039394048
GTEX-1GZHY	0.146187895	0.39593656	0.004617	0.314562448	0.081632749	0	0.042049778	0.01501357
GTEX-1H11D	0.011677762	0.652434917	0.183843282	0.087438406	0	0	0.026032263	0.038573369
GTEX-1H1CY	0.192687262	0.349949541	0.048744897	0.190731292	0.091875126	0	0.060274413	0.06573747
GTEX-1H1DE	0.178788511	0.741294326	0.019088104	0.026692788	0.002724177	0	0.017404921	0.014007174
GTEX-1H1DF	0.173494323	0.697671946	0	0.066255635	0.018982094	0	0.034179811	0.009416192
GTEX-1H1DG	0.159375846	0.624490472	0	0.053322933	0.056307977	0	0.003391673	0.103111099
GTEX-1H1E6	0.054605163	0.90627117	0.021455911	0.00483178	0.002080679	0	0.002089876	0.00866542
GTEX-1H23P	0.075720656	0.459539079	0	0.195098335	0.052138534	0	0.016280616	0.201222779
GTEX-1H3NZ	0.252486246	0.101843514	0.033213883	0.265516833	0.116074752	0.090205463	0.133800992	0.006858317
GTEX-1H3O1	0.165336855	0.497470658	0	0.22954721	0.037504582	0	0.031553941	0.038586754
GTEX-1H4P4	0.151466149	0.28804468	0	0.374563808	0.061102134	0	0.08742464	0.03739859
GTEX-1HB9E	0.095465689	0.555767538	0.014520515	0.230659727	0.041050973	0	0.002530719	0.06000484
GTEX-1HBPI	0.211040539	0.014799614	0	0.587142784	0.044996184	0.082807156	0.051465792	0.007747931
GTEX-1HBPM	0.051644757	0.632172538	0.055642278	0.155144479	0.029371005	0	0.035854223	0.04017072
GTEX-1HC8U	0.053073476	0.721533334	0.146877183	0.067286149	0.007792952	0	0	0.003436907
GTEX-1HCU6	0.10799315	0.564517064	0	0.242940289	0.054700717	0	0.019256855	0.010591925
GTEX-1HCU7	0.078016331	0.533630524	0.053859622	0.213382569	0.087593352	0	0.022991098	0.010526504
GTEX-1HCU8	0.242403473	0.219822444	0	0.335265048	0.137481754	0.00910019	0.0492634	0.006663692
GTEX-1HCU9	0.015282941	0.728840715	0.017891159	0.096037667	0.050106004	0	0	0.091841514
GTEX-1HCUA	0.086245662	0.752404816	0.055833137	0.059486694	0.003787709	0	0	0.042241981
GTEX-1HCVE	0.009908762	0.273754596	0.041084227	0.45419916	0.08699812	0.078285693	0.025466251	0.030303191
GTEX-1HFI6	0.23396642	0	0.092471336	0.342712554	0.176835231	0.02872962	0.100284958	0.02499988
GTEX-1HFI7	0	0.845727454	0.048558841	0.082552164	0.006559609	0	0	0.016601932
GTEX-1HKZK	0.062314575	0.865803488	0.018145866	0.029634062	0.000259024	0	0.019400267	0.004442718
GTEX-1HR98	0.070284352	0.189815778	0	0.572936072	0.07169063	0	0.062533836	0.032739332
GTEX-1HR9M	0.12764984	0.527691984	0	0.132091346	0.095909271	0	0.008564645	0.108092914
GTEX-1HSGN	0.053367941	0.764682351	0.049457051	0.093034666	0.010327274	0	0.002358012	0.026772705
GTEX-1HSKV	0.193143825	0.217871265	0.002157626	0.333245366	0.077656996	0.017710136	0.041711491	0.116503295
GTEX-1HSMO	0.164121505	0.527217244	0.042682228	0.136940243	0.03993258	0	0	0.0891062
GTEX-1HSMP	0	0.85368822	0.002356966	0.063316649	0.001222879	0	0.025938778	0.053476508
GTEX-1HSMQ	0	0.882006936	0.083424313	0.016021412	0.005483544	0	0.007979711	0.005084084
GTEX-1HT8W	0.185400121	0.183464445	0.105385932	0.268812072	0.129125437	0	0.07298813	0.054823863
GTEX-1HUB1	0.205371222	0.111934413	0	0.456820691	0.075543468	0.017719768	0.116113748	0.016496691
GTEX-1I19N	0.129968061	0.674717183	0	0.085375578	0.019017124	0	0.042518985	0.048403069
GTEX-1I1CD	0.153661277	0.41064031	0	0.277362343	0.085071516	0	0.01854402	0.054720535
GTEX-1I1GP	0.1109355	0.550258257	0	0.226412222	0.058985636	0	0.011959717	0.041448668
GTEX-1I1GQ	0.448515898	0.137754019	0.087970637	0.14012368	0.074280025	0.029187943	0.049319561	0.032848236
GTEX-1I1GR	0.217815547	0.033425682	0	0.428720488	0.118060352	0.100573926	0.039637403	0.061766602
GTEX-1I1GS	0.133399209	0.636009657	0	0.087504503	0.04270998	0	0.018503286	0.081873365
GTEX-1I1GT	0.014514109	0.732607318	0.138337748	0.047419018	0.009223727	0	0	0.057898081
GTEX-1I1GV	0.205918098	0.23673111	0	0.346564095	0.058536457	0.004830775	0.044273307	0.103146159
GTEX-1I1HK	0.118912331	0.171926405	0.159226533	0.286748158	0.119816692	0.061639213	0.063321419	0.018409249
GTEX-1I4MK	0.041954827	0.808765002	0.046879662	0.045721831	0.001737177	0	0.028673939	0.026267562
GTEX-1I6K6	0.03504263	0.75712773	0.026647267	0.130353923	0.039066074	0	0	0.011762376
GTEX-1I6K7	0.051860938	0.855727179	0.047691516	0.022752189	0.005070339	0	0.013843109	0.00305473
GTEX-1ICG6	0	0.83966294	0.065198212	0.072259713	0.004984981	0	0	0.017894154
GTEX-1ICLY	0.059978371	0.672903416	0.024310984	0.128991646	0.038467841	0	0.000229816	0.075117926
GTEX-1IDFM	0.131583162	0.49067547	0.049805161	0.168495445	0.057344872	0	0.012355534	0.089740358
GTEX-1IDJC	0.046762724	0.799128796	0	0.081872889	0.003685129	0	0.021187858	0.047362604
GTEX-1IDJD	0.042364611	0.622957743	0.201902357	0.111242076	0.005341504	0	0	0.016191708
GTEX-1IDJE	0.084622637	0.658803714	0.16673439	0.077940272	0.00330174	0	0	0.008597249
GTEX-1IDJF	0.05864683	0.825368128	0	0.053686604	0.008640226	0	0.029127056	0.024531156
GTEX-1IDJH	0.146013327	0.254440132	0	0.394831691	0.096167425	0	0.073232672	0.035314753
GTEX-1IDJI	0.044631652	0.758294878	0.097127614	0.051077607	0.022874993	0	0.006984697	0.019008559
GTEX-1IDJU	0	0.416118784	0.289972317	0.057120165	0.052217754	0.112927696	0.006867759	0.064775524
GTEX-1IE54	0.077982688	0.539796331	0	0.167115081	0.043294732	0	0.039622189	0.132188979
GTEX-1IGQW	0.13801082	0.31826036	0	0.338140651	0.108004494	0	0.012440613	0.085143061
GTEX-1IKJJ	0.164184791	0.24675888	0	0.438896649	0.117750113	0	0.00400141	0.028408158
GTEX-1IKK5	0.134870107	0.305867448	0	0.352048125	0.075973798	0.020352214	0.010348242	0.100540065
GTEX-1IKOE	0.101904881	0.759967095	0.05443833	0.053861337	0.008211534	0	0	0.021616823
GTEX-1IKOH	0.105336321	0.327318082	0	0.256856836	0.080280822	0	0.10582723	0.124380708
GTEX-1IL2U	0.24848362	0.035115271	0	0.458685713	0.167458567	0	0.053319795	0.036937035
GTEX-1IL2V	0.164160537	0.417286512	0.017623496	0.198483809	0.079115184	0.008969783	0.056617136	0.057743543
GTEX-1IOXB	0.215668915	0.059543503	0	0.486520533	0.097129959	0.027334126	0.070600759	0.043202204
GTEX-1IY9M	0.186986639	0.071693151	0	0.339432576	0.170384008	0.112281391	0.087652939	0.031569296
GTEX-1J8EW	0.13746748	0.317704274	0	0.318020033	0.134038002	0.021700027	0.035855049	0.035215136
GTEX-1J8JJ	0.089639058	0.401806074	0.157945633	0.162675118	0.081353588	0	0.072089537	0.034490994
GTEX-1J8Q2	0.080372273	0.521606095	0	0.234052664	0.013332189	0	0.052463984	0.098172797
GTEX-1J8Q3	0.011727822	0.864431732	0.038341456	0.044126865	0.008360451	0	0.002061602	0.030950072
GTEX-1J8QM	0.02049128	0.759572754	0.071058089	0.051513157	0.00636231	0	0.034474405	0.056528006
GTEX-1JJ6O	0.092558147	0.583212264	0	0.195922469	0.029335328	0	0.024898098	0.074073695
GTEX-1JJE9	0.192532186	0.454839322	0	0.106988038	0.040615788	0	0.045196405	0.159828262
GTEX-1JJEA	0.160655671	0.089103619	0	0.555980449	0.120916565	0.042932177	0.023283044	0.007128475
GTEX-1JK1U	0.071772206	0.867053151	0.026901025	0.010946895	0.004221529	0	0.002387187	0.016718006
GTEX-1JKYN	0.043434474	0.600663526	0.133924574	0.137569644	0.011889696	0	0.012164512	0.060353573
GTEX-1JKYR	0.033319948	0.714884425	0.044395582	0.111844934	0.024534494	0	0.021541311	0.049479306
GTEX-1JMLX	0.334959273	0.070819694	0.238595213	0.158330721	0.039874328	0.091094909	0.023747308	0.042578553
GTEX-1JMOU	0.101996988	0.378051193	0	0.422832806	0.063836997	0	0.010632511	0.022649505
GTEX-1JMPY	0.109699032	0.718858541	0.077264384	0.071093277	0.006798414	0	0.006121102	0.010165251
GTEX-1JMPZ	0.165232144	0.396604711	0	0.120724736	0.127110828	0	0.016109997	0.174217584
GTEX-1JMQI	0.083907729	0.544954634	0.136470452	0.103241651	0.001483048	0	0.022860861	0.107081625
GTEX-1JMQJ	0.194902099	0.31863836	0	0.26235213	0.083999174	0.01266296	0.034014634	0.093430643
GTEX-1JMQK	0.063440176	0.671584613	0	0.172280254	0.030298393	0	0.041297965	0.021098598
GTEX-1JMQL	0.179757307	0.681855976	0	0.062874692	0.01276941	0	0.016216788	0.046525827
GTEX-1JN1M	0.149195296	0.744929003	0.024677467	0.028821155	0.014643518	0	0.022727226	0.015006335
GTEX-1JN6P	0.251594082	0.176262915	0.274920747	0.175052185	0.05426664	0.036624871	0.026597356	0.004681202
GTEX-1JN76	0.066201188	0.82565367	0.062713703	0.030026486	0.002353758	0	0.002164372	0.010886823
GTEX-1K2DA	0.043963457	0.82584775	0.078892215	0.027972423	0.008300623	0	0.00922199	0.005801541
GTEX-1K2DU	0.124045602	0.558347247	0.076009286	0.077736962	0.026512749	0	0.020547789	0.116800365
GTEX-1K9T9	0.107190232	0.155130272	0	0.495848837	0.123564001	0.003408551	0.102309525	0.01254858
GTEX-1KAFJ	0.05648487	0.786720031	0.037704492	0.073713922	0.008573437	0	0	0.036803248
GTEX-1KANA	0.009336184	0.852739448	0.029259271	0.022748719	0.00268136	0	0.010543075	0.072691943
GTEX-1KANB	0.146562689	0.224632585	0	0.404528032	0.070988121	0.008851458	0.136693589	0.007743527
GTEX-1KANC	0.115531146	0.753322112	0.014705881	0.019993609	0.008408645	0	0.024090698	0.063947909
GTEX-1KD4Q	0.155676186	0.302964004	0	0.276040636	0.053836951	0	0.020584545	0.190897678
GTEX-1KD5A	0.077187605	0.575794729	0	0.182094182	0.049279387	0	0.050567639	0.065076457
GTEX-1KWVE	0.2169671	0.096268093	0	0.563602316	0.040117769	0.000765944	0.042244088	0.040034691
GTEX-1KXAM	0.030106905	0.836741739	0.102406234	0.008062347	0.002642584	0	0.010455911	0.00958428
GTEX-1L5NE	0.14068426	0.820374811	0.003905255	0	0.001486118	0	0.02613035	0.007419206
GTEX-1LB8K	0.160353571	0.126051452	0.011241333	0.423511828	0.123904403	0.057713847	0.06428986	0.032933708
GTEX-1LBAC	0.140663132	0.461619571	0.255340869	0.08340438	0.009826436	0	0	0.049145613
GTEX-1LC47	0.022887196	0.705686555	0.034199752	0.093124625	0.067175533	0	0.029128926	0.047797412
GTEX-1LG7Y	0.183736317	0.328719993	0.014500476	0.158351566	0.114035411	0.006835823	0.076530353	0.117290062
GTEX-1LG7Z	0	0.630576808	0.20319032	0.068870523	0.015257669	0	0.015724779	0.066379901
GTEX-1LGOU	0.072989441	0.802365004	0.052606246	0	0.001938095	0	0.018179879	0.051921335
GTEX-1LGRB	0.061709413	0.84453589	0	0.003866571	0.007819163	0	0.028174494	0.05389447
GTEX-1LH75	0.158606111	0.335208612	0.066643146	0.083758561	0.079750811	0.084350476	0.004342039	0.187340243
GTEX-1LKK1	0.127405335	0.595107727	0.009689009	0	0.016676077	0	0.035409378	0.215712474
GTEX-1LNCM	0.173062035	0.197285542	0.263904683	0.160489925	0.069988885	0.045524666	0.081585794	0.008158469
GTEX-1LSNL	0.169957307	0.332780361	0.035109504	0.279339702	0.131808992	0	0.041359772	0.009644361
GTEX-1LSNM	0.03232026	0.853867236	0.067667499	0.006321988	0.001012278	0	0.014772543	0.024038196
GTEX-1LSVX	0.187766032	0.324432497	0	0.341472257	0.047942267	0.002078062	0.034782395	0.061526491
GTEX-1LVA9	0.112884628	0.200087724	0	0.496328185	0.07638017	0	0.073867342	0.040451952
GTEX-1LVAM	0.01226477	0.793880228	0.102644946	0.058736863	0.019834326	0	0	0.012638868
GTEX-1LVAN	0.008411563	0.768895952	0	0.052846466	0.008550064	0	0.031015025	0.130280929
GTEX-1LVAO	0.094146287	0.480698671	0	0.2581095	0.085387975	0	0.031296227	0.050361341
GTEX-1M4P7	0.123577857	0.399323823	0	0.289628562	0.07396873	0	0.053210006	0.060291021
GTEX-1M5QR	0.0641121	0.799380831	0	0.056346965	0.016327235	0	0.004387807	0.059445062
GTEX-1MA7W	0.080834106	0.583670451	0.210002402	0.062652686	0.008593921	0	0	0.054246433
GTEX-1MA7X	0.180064328	0.157644235	0	0.341774441	0.213194626	0	0.037889411	0.069432957
GTEX-1MCC2	0.003720288	0.810551048	0.080540515	0.019420814	0.007467136	0	0.020009763	0.058290436
GTEX-1MCQQ	0.334296385	0.199929109	0.013333988	0.219612111	0.080332594	0	0.031294734	0.121201078
GTEX-1MCYP	0.074428035	0.755054607	0.100113458	0.025636789	0.002808704	0	0	0.041958407
GTEX-1MGNQ	0.007015169	0.839577252	0.071769727	0.036476918	0.015007475	0	0.014524834	0.015628624
GTEX-1MJIX	0.062991746	0.787259962	0.086300245	0.051576277	0.004127162	0	0	0.007744608
GTEX-1MJK2	0.208793621	0.319539694	0.01949983	0.245051693	0.096740947	0	0.020112024	0.09026219
GTEX-1MJK3	0.081763536	0.801174239	0.079034163	0.015960598	0.005551663	0	0.008885141	0.007630661
GTEX-1MUQO	0.002462441	0.876059144	0.050331386	0.034430998	0.019133658	0	0.001303825	0.016278548
GTEX-1N2DW	0.171289839	0.403304916	0	0.197870467	0.08103185	0	0.03743004	0.109072888
GTEX-1N2EE	0.305025203	0.145085733	0	0.318278115	0.108573567	0.010866368	0.028450381	0.083720634
GTEX-1N2EF	0.047149683	0.76132215	0.075886996	0.066734864	0.012380045	0	0.013485293	0.02304097
GTEX-1N5O9	0.185654764	0.194639525	0	0.334688663	0.167001607	0.089240542	0.006751362	0.022023538
GTEX-1NHNU	0.056784052	0.849957859	0	0.013061873	0.002995479	0	0.019569133	0.057631604
GTEX-1NSGN	0.131755181	0.598647092	0.212139977	0.040585187	0.002070147	0	0.008372156	0.00643026
GTEX-1NUQO	0.095382326	0.715676739	0.086179473	0.091072207	0.003799151	0	0	0.007890104
GTEX-1NV8Z	0.180605316	0.165255735	0	0.430220043	0.10767986	0	0.058968472	0.057270574
GTEX-1O97I	0.16185291	0.225906628	0	0.428946736	0.091192011	0.00325158	0.047717017	0.041133117
GTEX-1O9I2	0.11126817	0.714563812	0	0.089985603	0.012348605	0	0.004412607	0.067421203
GTEX-1OFPY	0.169590108	0.775892245	0	0	0.003302667	0	0.02589964	0.025315341
GTEX-1OJC3	0.037295113	0.864937812	0.022818286	0.058875834	0.009539471	0	0.001295535	0.005237949
GTEX-1OJC4	0.116889998	0.452585812	0	0.140957222	0.097781403	0	0.092337118	0.099448447
GTEX-1OKEX	0.022990251	0.832414994	0.074532962	0.042757659	0.007834324	0	0	0.019469811
GTEX-1P4AB	0.112463129	0.559660653	0.127344717	0.063697986	0.059186202	0	0.005930174	0.071717139
GTEX-1PBJI	0.114710733	0.565701622	0.163450841	0.103800102	0.029863499	0	0.007976858	0.014496344
GTEX-1PBJJ	0.108463379	0.495137235	0.084821893	0.152848831	0.047720121	0.004634562	0.05018884	0.056185139
GTEX-1PDJ9	0.057280257	0.872884708	0	0.053995392	0.003600762	0	0	0.012238881
GTEX-1PFEY	0.014573774	0.851679959	0.063966426	0.018488854	0.011135278	0	0.015398379	0.024757331
GTEX-1PIEJ	0.015116569	0.748682152	0.093401816	0.115828665	0.020095004	0	0	0.006875794
GTEX-1PIGE	0.033357935	0.629503538	0.143460029	0.097362205	0.015861427	0	0.034998277	0.045456589
GTEX-1PIIG	0.088830895	0.659952484	0.083047564	0.13330219	0.023104067	0	0.00155222	0.010210581
GTEX-1POEN	0.210801059	0.206053019	0	0.319343721	0.102069259	0	0.05620346	0.105529481
GTEX-1PPH6	0.202963015	0.403846704	0	0.2149732	0.089949394	0	0.019386816	0.06888087
GTEX-1PPH7	0.029367318	0.811054882	0	0.037297074	0.00878704	0	0.028390815	0.085102871
GTEX-1PPH8	0.141768405	0.776357878	0	0.050846109	0.002371237	0	0.016541509	0.012114861
GTEX-1PWST	0.127544642	0.340995925	0.054493025	0.234792942	0.06704425	0.022239677	0	0.152889539
GTEX-1QAET	0.163298115	0.347639043	0.068522615	0.177569871	0.144251231	0	0	0.098719125
GTEX-1QCLY	0.090237501	0.644563134	0.1733573	0.004270911	0.006548005	0	0.016552756	0.064470394
GTEX-1QCLZ	0.03706403	0.851612215	0.068309811	0.014650614	0.006838107	0	0.014888863	0.006636361
GTEX-1QEPI	0.233697609	0.213260066	0	0.315596882	0.080392713	0	0.083462773	0.073589957
GTEX-1QMI2	0.212665478	0.15432852	0	0.415332317	0.09615042	0.013438932	0.025424783	0.08265955
GTEX-1QP28	0.066712189	0.841519013	0	0	0.001721273	0	0.024928733	0.065118793
GTEX-1QP29	0.028312353	0.874698109	0.052041542	0.011395952	0.002581015	0	0.01665021	0.014320818
GTEX-1QP66	0.040212581	0.929877611	0.002210715	0	0.000655795	0	0.020951544	0.006091754
GTEX-1QP67	0.024038217	0.856647867	0.07077416	0.021371205	0.002063803	0	0.006458443	0.018646306
GTEX-1QP9N	0.024046263	0.801388141	0.108203299	0.026493682	0.005949015	0	0.005357935	0.028561666
GTEX-1QPFJ	0.115712395	0.791939934	0.018167911	0.002215594	0.002187577	0	0.032304301	0.037472288
GTEX-1QW4Y	0.028804062	0.807677771	0.083204713	0.042146428	0.030861624	0	0.001951329	0.005354073
GTEX-1R46S	0.036992129	0.83166176	0.060306222	0.02241052	0.015531157	0	0.024014837	0.009083377
GTEX-1R7EU	0	0.880436659	0.04302351	0.059650033	0.009587585	0	0	0.007302213
GTEX-1R7EV	0.222963776	0.745608384	0	0.002701301	0	0	0.013521621	0.015204918
GTEX-1R9JW	0.097943496	0.791435477	0	0.082348333	0.003924423	0	0.001729106	0.022619165
GTEX-1R9K4	0.061419276	0.443355011	0	0.230024751	0.034907408	0	0.030074339	0.200219214
GTEX-1R9K5	0.041948885	0.732523771	0.102234556	0.053408353	0.003428604	0	0.008226406	0.058229424
GTEX-1R9PM	0.078002736	0.561514465	0.18826599	0.124670827	0.007051782	0	0.007298449	0.03319575
GTEX-1R9PN	0.035997887	0.771584565	0.081890307	0.096836276	0.010004737	0	0	0.003686227
GTEX-1R9PO	0.133334673	0.629486344	0.02581737	0.107503201	0.04773473	0	0.035609299	0.020514383
GTEX-1RAZA	0.080129852	0.610011967	0.134776768	0.050889273	0.002755527	0	0.022336734	0.099099879
GTEX-1RAZQ	0.055900192	0.798963587	0	0.067767794	0.022187405	0	0.023814218	0.031366803
GTEX-1RAZR	0.120421872	0.430753501	0.235482427	0.11385901	0.024456481	0.012227846	0.044536575	0.018262288
GTEX-1RAZS	0.246421244	0.16339589	0.02267999	0.27826236	0.100581455	0.01214167	0.111665679	0.064851711
GTEX-1RB15	0.013035013	0.809851762	0.083640937	0.062967812	0.004306529	0	0.002210438	0.023987509
GTEX-1RDX4	0.240971364	0.015498078	0	0.269995497	0.294039581	0.046092958	0.038720951	0.094681571
GTEX-1RLM8	0.122526281	0.447668605	0	0.138433862	0.040330676	0	0.066143954	0.184896621
GTEX-1RMOY	0.081366782	0.800625235	0.010955967	0	0.001373773	0	0.028314276	0.077363967
GTEX-1RNTQ	0.017579798	0.878216805	0.050300134	0.036854771	0.009879829	0	0.003243287	0.003925376
GTEX-1RQEC	0.249982793	0.249631003	0	0.201226212	0.166821552	0.016419602	0.03428286	0.081635978
GTEX-1RQED	0.150566837	0.229404916	0	0.496669044	0.025023399	0	0.051451393	0.046884411
GTEX-1S3DN	0	0.859592877	0.020457447	0.053623887	0.005704129	0	0	0.06062166
GTEX-1S5VW	0.159852359	0.497593632	0	0.130373211	0.089609882	0	0.004485675	0.11808524
GTEX-1S5ZA	0.039694618	0.822145664	0.044404554	0.032871075	0.004938831	0	0.00601782	0.049927438
GTEX-1S5ZU	0.06278534	0.665305893	0.109444286	0.075248541	0.019117657	0	0.035565615	0.032532668
GTEX-1S82P	0.014720666	0.858363168	0.00183673	0.101687191	0.009228322	0	0.00319355	0.010970372
GTEX-1S82U	0.027351805	0.789222056	0.061714455	0.04696863	0.039805939	0	0.02783651	0.007100604
GTEX-1S82Y	0.071798932	0.763246004	0.029784714	0.088596258	0.01015283	0	0.011979173	0.024442089
GTEX-1S82Z	0.017447856	0.853054036	0.074293949	0.019928863	0.008933834	0	0.01366411	0.012677352
GTEX-1S831	0.017078335	0.821751086	0.088437548	0.046092771	0.004463384	0	0.004794128	0.017382749
GTEX-1S83E	0.040994481	0.724623421	0.075683039	0.070850694	0.019805824	0	0.012551896	0.055490645
GTEX-N7MS	0.253045567	0.03342608	0	0.378085178	0.105896693	0.072866667	0.089761116	0.066918699
GTEX-N7MT	0.093711424	0.358518498	0	0.308053397	0.104415004	0.014600944	0.08740706	0.033293674
GTEX-NFK9	0.058795462	0.373137322	0	0.407915197	0.096615831	0	0.013649062	0.049887126
GTEX-NPJ7	0.109024786	0.262388429	0	0.425767616	0.141341873	0	0.055263875	0.00621342
GTEX-NPJ8	0.077952191	0.7675712	0.032228011	0.06334033	0.00581285	0	0.000105494	0.052989924
GTEX-O5YT	0.046915868	0.867825843	0.030188622	0.040125858	0.007805662	0	0	0.007138147
GTEX-O5YW	0.045897468	0.477384866	0.323079235	0.071446719	0.039212655	0	0.002086404	0.040892653
GTEX-OHPK	0.037459624	0.739814273	0.144995315	0.020520139	0.010925186	0	0.005431671	0.040853792
GTEX-OHPL	0.016632392	0.887301586	0.033334927	0.017095022	0.022066732	0	0.006967838	0.016601503
GTEX-OHPM	0.031364544	0.800986801	0.084428321	0.026077863	0.021901661	0	0	0.03524081
GTEX-OHPN	0.061153005	0.433334414	0	0.352105918	0.094923917	0	0.035252818	0.023229928
GTEX-OIZF	0.079689732	0.617647774	0.194560644	0.082321398	0.007134124	0	0.007485314	0.011161015
GTEX-OIZH	0.091568816	0.821295023	0	0.032811786	0.003584183	0	0.031198357	0.019541835
GTEX-OIZI	0.111464844	0.631854159	0.053660883	0.086184326	0.08270623	0	0.027971702	0.006157857
GTEX-OOBJ	0.077005303	0.588788131	0.133854339	0.168172232	0.013222164	0	0.004459806	0.014498025
GTEX-OOBK	0.014502017	0.832984777	0.066731101	0.067637933	0.008373947	0	0	0.009770225
GTEX-OXRL	0.032520557	0.759703462	0.050064212	0.081518027	0.009408331	0	0.013262373	0.053523039
GTEX-OXRO	0.128721252	0.634128654	0	0.167113234	0.022860202	0	0.018455068	0.028721589
GTEX-OXRP	0.16982916	0.652626728	0.01058726	0.061924565	0.024949568	0	0.035611071	0.044471649
GTEX-P44G	0.080853942	0.717947778	0.016936107	0.067839487	0.054507791	0	0.018536148	0.043378746
GTEX-P44H	0.028395882	0.774430952	0.147660996	0.008756148	0.016325307	0	0.010662693	0.013768022
GTEX-P4PP	0.05890975	0.841386242	0.035798833	0.026930631	0.001032974	0	0.017999056	0.017942514
GTEX-P4PQ	0.023802595	0.912882575	0.043939521	0	0.002698007	0	0.01226812	0.004409182
GTEX-P4QS	0.025378817	0.762420286	0.136406848	0.042747891	0.009132321	0	0.002699299	0.021214538
GTEX-P78B	0.062713359	0.563972461	0.043334397	0.216444889	0.059756793	0	0.024265162	0.029512939
GTEX-PLZ4	0.080683718	0.511785507	0.037762348	0.239436757	0.092097768	0	0.027372079	0.010861823
GTEX-PLZ5	0.118336724	0.603981987	0.160112921	0.057254493	0.012304059	0	0.004092864	0.043916952
GTEX-PLZ6	0	0.821111374	0.057601231	0.059960077	0.003684911	0	0	0.057642407
GTEX-POMQ	0.036033042	0.7631892	0.091181875	0.056467131	0.004066069	0	0.00239751	0.046665173
GTEX-POYW	0.0699161	0.59499678	0.122801048	0.093894946	0.036255864	0	0.043603951	0.038531311
GTEX-PSDG	0.004387586	0.598708276	0.001115846	0.328927181	0.048054076	0	0.002192756	0.016614278
GTEX-PVOW	0.446372174	0.016428695	0	0.331084398	0.099479451	0.050679026	0.009037703	0.046918553
GTEX-PW2O	0.076385214	0.524719817	0.108313685	0.220943243	0.004947831	0	0.016898203	0.047792007
GTEX-PWCY	0.035166766	0.82420309	0.066371562	0.039747575	0.004761803	0	0.001693829	0.028055374
GTEX-PWN1	0.122784648	0.62281728	0.211852355	0.032254698	0.005664754	0	0	0.004626266
GTEX-PX3G	0.044243166	0.574213417	0.281064526	0.066563119	0.002132157	0.013456961	0	0.018326654
GTEX-Q2AG	0.14475083	0.173967956	0	0.439467792	0.081088901	0.008898897	0.138441679	0.013383945
GTEX-Q2AH	0.011174552	0.843205931	0.063419535	0.023299032	0.007374621	0	0.02187402	0.029652309
GTEX-Q2AI	0.01546475	0.902161474	0.038688561	0.013786181	0.00302837	0	0.006906235	0.019964428
GTEX-Q734	0.046256225	0.60422296	0.155322102	0.112920184	0.011401316	0	0.044810496	0.025066717
GTEX-QCQG	0.020855395	0.737247603	0.087645015	0.119608101	0.006867293	0	0.008720614	0.019055979
GTEX-QDT8	0.112370566	0.308169506	0.164534425	0.220269069	0.090129551	0.041295388	0.021828897	0.041402598
GTEX-QDVJ	0.112043306	0.57019872	0	0.147485879	0.087964692	0	0.069792278	0.012515125
GTEX-QDVN	0.000486047	0.878110516	0.067103473	0.020359765	0.006127717	0	0.020346361	0.007466121
GTEX-QEG4	0.167729721	0.03164434	0.057010166	0.402404656	0.159099774	0.090809899	0.062346164	0.02895528
GTEX-QEG5	0.059472489	0.63105164	0.14386077	0.098176316	0.033269148	0	0.016156441	0.018013197
GTEX-QESD	0.134738372	0.591378778	0.143467839	0.095220451	0.013516973	0	0	0.021677586
GTEX-QLQ7	0.028528752	0.816813202	0.061636517	0.042278525	0.014581165	0	0.018054097	0.018107741
GTEX-QLQW	0.092298246	0.507479147	0.173879034	0.152566345	0.025366082	0	0.008915794	0.039495351
GTEX-QMR6	0.080619405	0.466155934	0.122644353	0.090205086	0.074614111	0	0.000982612	0.164778499
GTEX-QMRM	0.024614127	0.849184264	0.033086072	0.056816841	0.006558964	0	0.0131033	0.016636432
GTEX-QV31	0.02184309	0.889678124	0.042523296	0.031432702	0.000578123	0	0.006044324	0.007900342
GTEX-QVJO	0.103979468	0.378896419	0	0.313331429	0.088493708	0	0.072169389	0.043129586
GTEX-QVUS	0.132916162	0.319094081	0.003403793	0.315867588	0.079923602	0.132800275	0.00718929	0.008805208
GTEX-QXCU	0.25112206	0.437640636	0.139948868	0.06929565	0.039932975	0	0.059344238	0.002715574
GTEX-R3RS	0.060591974	0.03632904	0	0.613563788	0.168458897	0.059219113	0.046547654	0.015289534
GTEX-R45C	0.105780124	0.472557526	0	0.149047766	0.065820995	0	0.086033374	0.120760215
GTEX-R53T	0.008850379	0.549879684	0.262466456	0.123282697	0.008837023	0	0.001402244	0.045281518
GTEX-R55C	0.058092071	0.826692073	0.011947015	0.017661489	0.002993968	0	0.013533515	0.069079868
GTEX-R55D	0.037037183	0.372722485	0	0.411773266	0.092655456	0.004298201	0.065341844	0.016171564
GTEX-R55E	0.172016214	0.050572979	0	0.476289054	0.112895978	0.112045828	0.072720392	0.003459555
GTEX-R55G	0.053960639	0.877244147	0.02632569	0.005821648	0.005965616	0	0.015906805	0.014775456
GTEX-REY6	0.108439208	0.414792639	0.154857524	0.114796291	0.071710197	0.012480197	0.08952236	0.033401584
GTEX-RM2N	0.014367725	0.562779355	0.117344327	0.070802723	0.001495483	0.151268134	0.035180119	0.046762135
GTEX-RN64	0.407597431	0.021198045	0.102357024	0.265138645	0.108293697	0.054566177	0.03551517	0.005333811
GTEX-RNOR	0.213913346	0.141550194	0.015839901	0.377433453	0.103594973	0.035450329	0.10063922	0.011578584
GTEX-RTLS	0.072749594	0.199493596	0.234539493	0.13032199	0.070182412	0.193797244	0.048774325	0.050141347
GTEX-RU1J	0.064761446	0.821519389	0.086847312	0.009267145	0.006247085	0	0.008482312	0.002875311
GTEX-RU72	0.170503375	0.155015645	0	0.415150906	0.101524444	0.011549344	0.117725271	0.028531014
GTEX-RUSQ	0	0.773745991	0.042124593	0.082495312	0.011054543	0	0.014825004	0.075754557
GTEX-RVPV	0.19917599	0.354650502	0.018116419	0.180832051	0.108978672	0	0.068965392	0.069280975
GTEX-RWS6	0	0.465491665	0.334047683	0.106429009	0.010044473	0.024041002	0	0.059946169
GTEX-RWSA	0.157017517	0.525158958	0.115084166	0.076678714	0.031374974	0.045699107	0.036860521	0.012126044
GTEX-S32W	0	0.783552192	0.045911472	0.025708765	0.008206346	0	0.026358803	0.110262422
GTEX-S33H	0.104674922	0.140229675	0.16183849	0.186188198	0.134475655	0.161825357	0.076419801	0.034347901
GTEX-S341	0.020922784	0.775990919	0.08986318	0.065015633	0.002152198	0	0.002611168	0.043444118
GTEX-S7PM	0.143971057	0.201318772	0	0.393476907	0.098311875	0.042417846	0.103007329	0.017496214
GTEX-S7SE	0.19141566	0.010513858	0	0.388230319	0.165363415	0.095210483	0.121639485	0.02762678
GTEX-S95S	0.032996239	0.859021461	0.034762536	0.028214959	0.005978773	0	0.013058858	0.025967174
GTEX-SE5C	0.027435728	0.899094551	0.046971653	0.01110238	0.003224097	0	0.000598282	0.011573309
GTEX-SIU8	0.231283101	0.016452861	0	0.383607657	0.109670091	0.020492583	0.186780188	0.051713519
GTEX-SJXC	0.225976665	0.015260543	0	0.413822308	0.107773368	0.034539737	0.144306364	0.058321015
GTEX-SN8G	0.082227507	0.683847246	0.096358807	0.065645722	0.017147183	0	0.028130713	0.026642821
GTEX-SNMC	0	0.830116029	0.113705741	0.042340009	0.009124732	0	0	0.004713488
GTEX-SNOS	0.035608356	0.870519124	0	0.056661758	0.006395113	0	0.007633064	0.023182585
GTEX-SSA3	0.131308142	0.355035319	0.354113642	0.052289983	0.016888082	0.018188599	0.011113434	0.061062798
GTEX-SUCS	0.032441977	0.91610354	0.006050832	0.024998855	0.004850928	0	0.003121114	0.012432754
GTEX-T2YK	0.088894405	0.420996398	0	0.307002595	0.074788761	0	0.093375654	0.014942186
GTEX-T5JC	0.147321418	0.48693579	0.067449194	0.067215761	0.097460919	0	0.045912503	0.087704414
GTEX-T5JW	0.055838286	0.712288257	0.187131717	0.03488905	0.003257359	0	0	0.006595332
GTEX-T6MN	0.180349116	0.106535376	0	0.404089441	0.116419215	0.021417402	0.064969524	0.106219926
GTEX-T6MO	0.080564731	0.831473806	0.003577875	0.021721868	0.002408997	0	0.022182604	0.038070118
GTEX-T8EM	0.066235903	0.56933163	0.002290747	0.096122064	0.122326935	0	0.073097353	0.070595368
GTEX-TKQ1	0.064459848	0.792877318	0.10078138	0.025797859	0.002641957	0	0.007707966	0.00573367
GTEX-TKQ2	0.106202347	0.605845744	0.123759946	0.113593902	0.01137933	0	0	0.039218731
GTEX-TML8	0.062623447	0.430433648	0.259016993	0.12248978	0.009193719	0.011980527	0.002952525	0.101309361
GTEX-TMMY	0.043427888	0.487365784	0.103696825	0.193809056	0.105036673	0	0.030934476	0.035729296
GTEX-TMZS	0.027472516	0.698798425	0.153875061	0.086330161	0.014713729	0	0.001503784	0.017306324
GTEX-TSE9	0.161596798	0.548150135	0.015012003	0.216536257	0.037983307	0	0.003686533	0.017034967
GTEX-U3ZG	0.029495753	0.405247894	0.149043441	0.316671753	0.011917557	0	0.028216955	0.059406646
GTEX-U3ZH	0.076358473	0.529053308	0.127746894	0.132482207	0.003628825	0.01088272	0.044713312	0.075134261
GTEX-U3ZN	0.047929261	0.74615248	0.133833095	0.033445611	0.000791476	0	0.008114608	0.02973347
GTEX-U4B1	0.043010513	0.800057431	0.101452227	0.035507797	0.011478686	0	0.000785152	0.007708195
GTEX-U8T8	0.069698232	0.591572493	0	0.216049386	0.066112184	0	0.023332073	0.033235631
GTEX-U8XE	0.131585888	0.603382902	0.126375828	0.065453662	0.065013228	0	0	0.008188493
GTEX-UJHI	0.05166054	0.619737169	0.057065682	0.158187555	0.07744245	0.005147307	0.028774471	0.001984825
GTEX-UJMC	0.003157177	0.708751847	0.093858065	0.088056851	0.024428556	0	0.016364563	0.06538294
GTEX-UPJH	0.177811389	0.240657974	0	0.350731116	0.090845542	0.030750482	0.090443251	0.018760246
GTEX-UPK5	0.13460943	0.315956654	0	0.335436136	0.080586034	0	0.047365926	0.08604582
GTEX-UTHO	0.043187019	0.409040355	0.060907424	0.209364372	0.141632504	0.044720114	0.046230642	0.04491757
GTEX-V1D1	0.088521284	0.731713083	0.073737293	0.077135871	0.004965169	0	0.01102762	0.012899678
GTEX-V955	0.055219676	0.858455177	0.045233922	0.010312394	0.003778431	0	0.011187655	0.015812744
GTEX-VJWN	0.111867567	0.514745496	0.071703993	0.126105804	0.063478746	0	0.017799102	0.094299293
GTEX-VJYA	0.027262712	0.721634975	0.137594002	0.040721424	0.007413031	0	0.016058656	0.049315199
GTEX-VUSG	0.110732922	0.496708483	0.110885511	0.174744198	0.068225146	0	0.030639247	0.008064493
GTEX-VUSH	0.024085327	0.859532218	0.053219129	0.026033392	0.002208218	0	0.005668614	0.029253102
GTEX-W5WG	0.005080135	0.857081169	0	0.089676762	0.00535312	0	0.020478103	0.022330711
GTEX-W5X1	0.100352121	0.325318725	0.263444224	0.251012919	0.031601382	0	0.018276265	0.009994364
GTEX-WCDI	0.051646291	0.58946779	0.204246762	0.102476628	0.009380401	0	0.015231456	0.027550671
GTEX-WEY5	0	0.829159521	0.092396508	0.029430271	0.002379732	0	0.014275338	0.032358631
GTEX-WFG7	0.062566349	0.814750564	0.094504127	0.007022173	0.002868577	0	0.010347627	0.007940583
GTEX-WFG8	0.030078746	0.88360336	0.06062977	0	0.000940742	0	0.018420076	0.006327306
GTEX-WFJO	0.076763414	0.733887156	0	0.112344886	0.010103729	0	0.041827238	0.025073577
GTEX-WFON	0.065738555	0.776509853	0.075492325	0.026010867	0.008091733	0	0.008780974	0.039375693
GTEX-WH7G	0.002709351	0.764633054	0.101733789	0.068527545	0.009771395	0	0	0.052624867
GTEX-WHPG	0.156003617	0.770007044	0	0.03385056	0.000328285	0	0.02870776	0.011102733
GTEX-WHSB	0.070376446	0.81172679	0.023608658	0.055119609	0.005713207	0	0.018345024	0.015110268
GTEX-WHSE	0.271888225	0.298224824	0	0.314571942	0.048826898	0	0.021974154	0.044513957
GTEX-WHWD	0.057609322	0.775443181	0.098866928	0.039357408	0.002408596	0	0.015295684	0.011018883
GTEX-WI4N	0.117740544	0.699482477	0	0.087752701	0.025003693	0	0.028618277	0.041402307
GTEX-WK11	0.19291484	0.190058991	0	0.280345549	0.182707089	0.013729715	0.127762147	0.012481668
GTEX-WL46	0.203943599	0.069653403	0	0.373577675	0.218426548	0.020556697	0.081042829	0.032799249
GTEX-WOFL	0.144386962	0.444194055	0.010321939	0.134751541	0.121673787	0	0.021831842	0.122839875
GTEX-WOFM	0.047206956	0.677334956	0.166237994	0.054527505	0.004959156	0	0.015807236	0.033926197
GTEX-WQUQ	0.045314195	0.499911778	0.035887243	0.172104408	0.174644962	0	0.059380548	0.012756865
GTEX-WRHK	0.023533826	0.847212038	0.071532235	0.034511981	0.002471553	0	0.013618903	0.007119464
GTEX-WRHU	0.129671922	0.099336296	0	0.453097709	0.065928244	0.015856631	0.229063935	0.007045263
GTEX-WVLH	0.055244926	0.49321627	0.133807029	0.104129279	0.067176889	0.008364779	0.073540837	0.06451999
GTEX-WWYW	0.206212071	0.532951515	0.018240521	0.124157576	0.037371934	0	0.019992547	0.061073836
GTEX-WXYG	0.0096749	0.847506867	0.091112594	0.025769167	0.003234445	0	0.0098199	0.012882128
GTEX-WY7C	0	0.839838283	0.091790182	0.029269162	0.007668266	0	0.01237938	0.019054727
GTEX-WYBS	0.082296814	0.538050255	0	0.266748394	0.069478909	0	0.00688656	0.036539068
GTEX-WYJK	0.097936307	0.536202402	0.175500538	0.036615243	0.050551403	0	0.024777198	0.078416909
GTEX-WYVS	0.147917313	0.478289205	0	0.26450141	0.060654425	0	0.036154414	0.012483232
GTEX-WZTO	0.241545777	0	0	0.473426064	0.129189139	0.069497351	0.04837548	0.037966189
GTEX-X15G	0.02645581	0.683786615	0.1619862	0.079341945	0.007373568	0	0.007584225	0.033471637
GTEX-X261	0.048596153	0.505998335	0.159892999	0.121672205	0.072719127	0	0.038952521	0.05216866
GTEX-X3Y1	0.136603084	0.58702002	0.091400905	0.091571369	0.053523625	0	0	0.039880997
GTEX-X4EO	0.184745214	0.18429311	0	0.343817886	0.157211842	0.052843897	0.066510824	0.010577226
GTEX-X4EP	0.165130219	0.629929247	0	0.068157842	0.032916694	0	0.034368966	0.06949703
GTEX-X4LF	0.04186524	0.685989169	0.155223183	0.089319262	0.012062675	0	0	0.015540471
GTEX-X4XX	0.117047331	0.42271816	0.073705775	0.253335672	0.056992516	0	0.066565291	0.009635254
GTEX-X4XY	0.148792373	0.49760696	0.030172187	0.171518427	0.052791984	0	0.05292016	0.046197908
GTEX-X585	0.052321601	0.257728103	0.114783171	0.305112588	0.164826365	0	0.100666184	0.004561989
GTEX-X5EB	0.045869187	0.764376033	0.113692562	0.052653931	0.002518605	0	0.009364095	0.011525588
GTEX-X62O	0	0.4176747	0.072337378	0.188239045	0.081102894	0.044880013	0.131129401	0.064636568
GTEX-X638	0.186805098	0.130931861	0.231453715	0.199597227	0.060245373	0.092476222	0.077137832	0.021352671
GTEX-X88G	0.091165231	0.740112177	0.034713609	0.084163225	0.009961501	0	0.021683746	0.018200512
GTEX-X8HC	0.142623569	0.509097403	0.022090277	0.178555517	0.065188454	0	0.018832153	0.063612627
GTEX-XAJ8	0.086593647	0.793659204	0.069007738	0.016567885	0.007421346	0	0.01855062	0.008199561
GTEX-XBEC	0.150525001	0.314329619	0	0.322057212	0.103235513	0.008737517	0.031722771	0.069392369
GTEX-XBED	0.066687196	0.813442667	0.048866622	0.031491007	0.002445941	0	0.018530302	0.018536265
GTEX-XBEW	0.045846746	0.611553977	0	0.168772968	0.160713496	0	0.007057217	0.006055596
GTEX-XGQ4	0.038529452	0.79948084	0.097056841	0.002112861	0.00603914	0	0.016696119	0.040084746
GTEX-XK95	0.142080901	0.691466286	0	0.056865359	0.01288256	0	0.027359795	0.069345099
GTEX-XLM4	0.214165609	0.406149494	0	0.133743591	0.163768397	0.0066362	0.070688314	0.004848394
GTEX-XMD1	0.087083849	0.401644803	0.287923249	0.072022103	0.018316801	0	0.065816467	0.067192729
GTEX-XMD2	0.11558688	0.324652788	0	0.369949715	0.100664129	0.000720086	0.051297606	0.037128796
GTEX-XMD3	0.205074948	0.080443648	0.046406709	0.349446659	0.092211189	0.024570989	0.165247372	0.036598486
GTEX-XMK1	0.074512802	0.599860576	0.196363944	0.105449617	0.004704583	0	0.000273048	0.018835431
GTEX-XOT4	0.132314491	0.046301224	0	0.640720328	0.128594009	0.024852027	0	0.027217921
GTEX-XPT6	0.023984138	0.890259478	0.030536814	0.014101251	0.005432986	0	0.009548779	0.026136553
GTEX-XPVG	0.031250881	0.790717784	0	0.071468409	0.002341791	0	0.028951524	0.075269611
GTEX-XQ3S	0.267448547	0.203848082	0	0.382196756	0.083936097	0.005047533	0.053810965	0.003712021
GTEX-XQ8I	0.086474438	0.614395895	0.044263259	0.134185262	0.039361033	0	0.012352387	0.068967726
GTEX-XUW1	0.097048306	0.693664112	0.047507337	0.08236035	0.049302328	0	0.024585962	0.005531604
GTEX-XUYS	0.118220639	0.126578301	0.456575223	0.18543207	0.032902849	0.052129895	0.003388303	0.024772721
GTEX-XUZC	0.065905725	0.761531237	0.080970402	0.038663731	0.008110861	0	0	0.044818044
GTEX-XXEK	0.089365037	0.722970522	0.058244727	0.067044046	0.010488625	0	0.020213911	0.031673131
GTEX-XYKS	0.099661906	0.617057418	0.206435489	0.050432275	0.00763388	0	0.002901221	0.015877811
GTEX-Y111	0.19087505	0.136654568	0	0.468057202	0.132041393	0.00955383	0.019254167	0.043563789
GTEX-Y114	0.073592465	0.719341208	0.134345297	0.043688166	0.005582789	0	0	0.023450074
GTEX-Y3I4	0.038849336	0.867460195	0	0.041485747	0.010686234	0	0.01150265	0.030015838
GTEX-Y3IK	0.092889109	0.784667317	0.011943257	0.073279865	0.002094132	0	0.010869852	0.024256469
GTEX-Y5LM	0.046244681	0.827891467	0.083645923	0.036969656	0.000470951	0	7.41E-08	0.004777249
GTEX-Y5V5	0.176231034	0.129502978	0.099200049	0.2562412	0.081280112	0.126381461	0.102046305	0.029116861
GTEX-Y5V6	0.057161069	0.852657936	0.037312139	0.012894419	0.007426699	0	0.000782906	0.031764831
GTEX-Y8DK	0.212951132	0.104945709	0	0.269723404	0.242767171	0.025783384	0.061791489	0.082037711
GTEX-Y8E4	0.162532358	0.342498514	0.127342387	0.160370333	0.118982648	0.009049534	0.062002884	0.017221342
GTEX-Y8E5	0.093635288	0.59372036	0.046236254	0.148044725	0.011111371	0	0.034290247	0.072961756
GTEX-Y8LW	0.015708116	0.841796664	0.090795702	0.03629137	0.00316892	0	0.003260301	0.008978926
GTEX-Y9LG	0.077293825	0.817834845	0.045920374	0.006675847	0.004907444	0	0.02741429	0.019953375
GTEX-YB5E	0.029536348	0.868717968	0.051616916	0.026723779	0.003511539	0	0.001599775	0.018293673
GTEX-YB5K	0.02377952	0.788120125	0.125498196	0.030882814	0.003509111	0	0.008930525	0.019279708
GTEX-YBZK	0.104970333	0.151338486	0.350589456	0.240588711	0.025409753	0.024854499	0.027323607	0.074925154
GTEX-YEC3	0.062568415	0.855043182	0.028041856	0.032443249	0.007572196	0	0.004826445	0.009504657
GTEX-YEC4	0.056700312	0.767372254	0.093470923	0.040065547	0.01326875	0	0	0.029122215
GTEX-YECK	0.176677924	0.058644298	0	0.446385839	0.133693018	0.036331147	0.075649517	0.072618257
GTEX-YF7O	0	0.817491703	0.085752653	0.058738709	0.011886862	0	0.010522748	0.015607324
GTEX-YFC4	0.088781066	0.538738558	0.011185858	0.202613101	0.095729065	0	0.055149476	0.007802876
GTEX-YFCO	0.024818211	0.839410044	0.084706873	0.02537126	0.003428769	0	0.002564545	0.019700298
GTEX-Z93S	0.169684432	0.041930347	0	0.378627936	0.168626674	0.011075569	0.216003255	0.014051787
GTEX-ZAB4	0.122974391	0.384918427	0	0.330422236	0.047269646	0	0.0646098	0.049805499
GTEX-ZC5H	0.10847883	0.550791235	0	0.150450446	0.018496753	0	0.0492554	0.122527338
GTEX-ZDTS	0.229858094	0.035875931	0.019375569	0.377722489	0.12596635	0.108432682	0.096451338	0.006317547
GTEX-ZDTT	0	0.887101047	0.056622702	0.037713476	0.005602689	0	0	0.012960086
GTEX-ZDXO	0.19547484	0.242076045	0.002794729	0.285047739	0.114650341	0.054734343	0.085922643	0.01929932
GTEX-ZDYS	0.116896856	0.613356819	0.107827654	0.080456005	0.037688423	0	0.022661608	0.021112634
GTEX-ZE7O	0.205030024	0.163784146	0	0.410331375	0.090392052	0.002716221	0.106866093	0.020880089
GTEX-ZE9C	0.135214912	0.349641253	0.004060727	0.235928981	0.109701073	0	0.159250816	0.006202238
GTEX-ZEX8	0.078632806	0.59280826	0.219063306	0.076845295	0.003399254	0	0	0.029251078
GTEX-ZF28	0.030344275	0.431957433	0.113804586	0.266460371	0.073494089	0	0.011068648	0.072870598
GTEX-ZF29	0.048883058	0.840795282	0.035653061	0.056551734	0.003920588	0	0	0.014196277
GTEX-ZF2S	0.062513746	0.685513005	0.104020088	0.070704184	0.005639578	0	0.0153887	0.056220699
GTEX-ZF3C	0.356854758	0.228788674	0.030512674	0.128926922	0.101431886	0.088343582	0.046529965	0.01861154
GTEX-ZG7Y	0.036855719	0.844112966	0.033030172	0.051715537	0.010639775	0	0.003200012	0.020445819
GTEX-ZGAY	0.073936694	0.584551156	0.222236234	0.075296083	0.017420176	0	0.013659214	0.012900442
GTEX-ZLV1	0.008804578	0.882484593	0.061615464	0.009196339	0.006814846	0	0.014628223	0.016455957
GTEX-ZP4G	0.040904104	0.823113724	0.082528354	0.028419783	0.021857587	0	0.002201963	0.000974485
GTEX-ZPCL	0.032949044	0.896671183	0	0.024172271	0.001903308	0	0.023328598	0.020975595
GTEX-ZPIC	0	0.785387981	0.121865095	0.046121157	0.006682195	0	0.011950075	0.027993497
GTEX-ZPU1	0.06846979	0.656833401	0.090005301	0.142212003	0.003776397	0	0.005723038	0.032980071
GTEX-ZQG8	0	0.798567059	0.10577124	0.033242623	0.004045405	0	0.018227188	0.040146486
GTEX-ZQUD	0.067470369	0.610155103	0.076228817	0.095483221	0.01996525	0	0.025137787	0.105559452
GTEX-ZT9W	0.035060442	0.88865452	0.021312027	0.016689523	0.008526752	0	0.004068428	0.025688307
GTEX-ZTPG	0.074793577	0.789000156	0.070206909	0.014792887	0.002491528	0	0.008676278	0.040038665
GTEX-ZTSS	0	0.826573445	0.058785744	0.052066394	0.010366383	0	0.014090016	0.038118018
GTEX-ZTTD	0.109793677	0.581850993	0.03887402	0.130379832	0.055629496	0	0.009015224	0.07445676
GTEX-ZTX8	0.048409243	0.849233098	0.033968547	0.030310344	0.00582205	0	0.003433199	0.028823519
GTEX-ZUA1	0.279596558	0.027758629	0	0.34119763	0.121323622	0.079319245	0.106985655	0.043818662
GTEX-ZV68	0.124339142	0.17238264	0	0.476814254	0.113581194	0.013339601	0.091372829	0.008170339
GTEX-ZV7C	0	0.815829036	0.113112584	0.042590546	0.009609204	0	0	0.01885863
GTEX-ZVE2	0.059869906	0.569321531	0.080149539	0.075825795	0.069905718	0	0.011073696	0.133853815
GTEX-ZVP2	0.006296798	0.878070626	0.031779616	0.054497107	0.01619248	0	0	0.013163373
GTEX-ZVT2	0.006507398	0.819338166	0.091658108	0.027145925	0.008681615	0	0.000846419	0.045822369
GTEX-ZVT3	0.202359922	0.205780131	0	0.416204959	0.084879866	0.000807242	0.048720098	0.041247781
GTEX-ZVT4	0.179926474	0.541003431	0	0.121956777	0.076760734	0	0.038217912	0.042134672
GTEX-ZVTK	0.342118101	0.066916543	0.057174656	0.289125628	0.105700059	0.067254103	0.020506051	0.051204859
GTEX-ZVZP	0.018044393	0.916753949	0.032441691	0	0.00396135	0	0.021421121	0.007377496
GTEX-ZVZQ	0.155642742	0.140476731	0	0.496639124	0.114910648	0.003782635	0.037929804	0.050618316
GTEX-ZXES	0.060646056	0.699941134	0.129308162	0.054977538	0.007395045	0	0.00711662	0.040615445
GTEX-ZXG5	0.060636097	0.273633595	0	0.468372501	0.131734607	0.061691254	0.000510604	0.003421343
