Mixture	NK cells	Monocytes	NKT cells	B cells	T cells CD4	T cells CD8	Dendritic cells	Megakaryocytes
GTEX-111YS	0.077954731	0.73010278	0	0.007603457	0.157761751	0	0	0.026577281
GTEX-1122O	0.049451813	0.755604204	0	0.042625253	0.136229904	0	0	0.016088826
GTEX-1128S	0.067800682	0.415684842	0.053338405	0.19557782	0	0.230144982	0	0.037453269
GTEX-113IC	0.034708195	0.391368425	0.031100198	0.074083576	0.13004651	0.322608834	0.006442916	0.009641345
GTEX-113JC	0.082845131	0.520961466	0	0.162085325	0.18505572	0.032460385	0	0.016591973
GTEX-117XS	0.036837176	0.213632913	0.097578456	0.213079409	0	0.415706798	0.004577533	0.018587715
GTEX-117YW	0.046340679	0.116919435	0.083687147	0.137845921	0	0.558202187	0.047885835	0.009118798
GTEX-1192W	0.153528817	0.321304375	0.001768645	0.225868361	0.020303287	0.203399425	0.038217614	0.035609475
GTEX-1192X	0.171891815	0.46610292	0.086663857	0.063115172	0.029200249	0.159699056	0	0.023326931
GTEX-11DXW	0.066543564	0.27093341	0	0.249628013	0.208692278	0.14877265	0.03561632	0.019813764
GTEX-11DXX	0.095513778	0.676776317	0	0.032146802	0.162586231	0	0	0.032976872
GTEX-11DXY	0.091501	0.130253189	0.133493774	0.13142726	0	0.451567932	0.038319343	0.023437502
GTEX-11DXZ	0.027617925	0.507298449	0	0.066145633	0.310365402	0.054041878	0	0.034530713
GTEX-11DYG	0.1446755	0.187890631	0.045388398	0.226452406	0	0.299863482	0.075585119	0.020144464
GTEX-11EI6	0.07959727	0.344008209	0.08282984	0.160845973	0	0.319399887	0	0.013318822
GTEX-11EM3	0.061630411	0.670766275	0	0.07432123	0.161738359	0	0	0.031543724
GTEX-11EMC	0.11201309	0.600079468	0	0.104752051	0.111503026	0.046357624	0	0.025294741
GTEX-11EQ8	0.122251038	0.481794967	0.049235299	0.208484053	0	0.10820912	0.011608379	0.018417144
GTEX-11EQ9	0.068089944	0.740936595	0	0.030477048	0.130073029	0	0	0.030423383
GTEX-11GS4	0.063854534	0.416962488	0.096078323	0.104948118	0.008300739	0.281628044	0	0.028227754
GTEX-11GSO	0.094317633	0.505294874	0.01445771	0.161218162	0	0.185690414	0	0.039021206
GTEX-11GSP	0.121883041	0.47578274	0	0.091731997	0.204086618	0.051552676	0	0.054962928
GTEX-11I78	0.095746083	0.663751967	0	0.050158464	0.184163841	0	0	0.006179645
GTEX-11LCK	0.071779202	0.730608544	0	0.074546738	0.112869533	0	0	0.010195983
GTEX-11NUK	0.088112929	0.119839214	0.017750555	0.21666341	0.088820698	0.335716739	0.115719623	0.017376832
GTEX-11NV4	0.09181807	0.089100019	0.20412839	0.124137347	0	0.467287031	0.021159803	0.002369341
GTEX-11O72	0.137359971	0.659326484	0	0.077651414	0.047518215	0.050748989	0	0.027394927
GTEX-11OC5	0.088197693	0.448589525	0.038790961	0.202480649	0.104125644	0.105038883	0	0.012776644
GTEX-11OF3	0.088312724	0.253811383	0.092037335	0.179014189	0	0.356833792	0.006830944	0.023159633
GTEX-11ONC	0.065261739	0.206741434	0.068866478	0.105012506	0	0.517945764	0.010094677	0.026077401
GTEX-11P7K	0.066269169	0.637572433	0	0.061635227	0.199173078	0	0	0.035350092
GTEX-11P81	0.06381786	0.694793114	0	0.036531863	0.194645883	0	0	0.01021128
GTEX-11P82	0.056146751	0.673901909	0	0.066085079	0.14585736	0	0	0.058008901
GTEX-11PRG	0.150655941	0.114455899	0.017106585	0.265767776	0	0.309542091	0.109724674	0.032747034
GTEX-11TT1	0.094517646	0.68844351	0	0.041853053	0.153059943	0	0	0.022125847
GTEX-11TTK	0.135949596	0.41699604	0.030618844	0.105809653	0	0.251629804	0	0.058996063
GTEX-11TUW	0.070974744	0.65876285	0	0.102922562	0.1253503	0.022536722	0	0.019452821
GTEX-11UD2	0.073289246	0.543777403	0.026698829	0.18278444	0.031398926	0.116735465	0	0.025315691
GTEX-11VI4	0.061179267	0.639248837	0	0.050680536	0.205240724	0	0	0.043650637
GTEX-11WQC	0.080008105	0.368203165	0.062308421	0.131417482	0.02743834	0.297167335	0.006612368	0.026844783
GTEX-11WQK	0.018250606	0.061561083	0.067479565	0.102936378	0.495816738	0.249716203	0	0.004239428
GTEX-11XUK	0.051621303	0.706259589	0	0.077418474	0.149533643	0	0	0.015166991
GTEX-11ZTS	0.080385858	0.120075383	0.066519586	0.206499581	0	0.413271368	0.075963218	0.037285005
GTEX-11ZTT	0.066844333	0.670567611	0	0.052295078	0.169107997	0	0	0.041184981
GTEX-11ZU8	0.108761208	0.4344411	0.014473425	0.17257607	0.018475098	0.133575071	0	0.117698028
GTEX-11ZUS	0.072086249	0.19820872	0.167627938	0.198458612	0.030078146	0.327447098	0	0.006093237
GTEX-11ZVC	0.087460685	0.584813787	0	0.138083637	0.086236774	0.078408518	0	0.0249966
GTEX-1211K	0.075362623	0.774502587	0	0.039734425	0.106406951	0	0	0.003993415
GTEX-12126	0.051434638	0.190563364	0.085464607	0.189880946	0	0.469168087	0	0.013488358
GTEX-1212Z	0.046411539	0.458649508	0.055143846	0.08637739	0.059371833	0.27147117	0	0.022574713
GTEX-12584	0.048271822	0.316710868	0.104754988	0.14343714	0	0.371811155	0	0.015014027
GTEX-12696	0.119327879	0.629917759	0	0.086844577	0.082534234	0.018007198	0.035015689	0.028352664
GTEX-1269C	0.171320324	0.426842877	0.008496179	0.142594651	0.09158754	0.116749232	0	0.042409198
GTEX-12BJ1	0.057384156	0.749909363	0	0.041845444	0.132924064	0	0	0.017936973
GTEX-12C56	0.084270696	0.672556443	0	0.058556542	0.169104135	0	0	0.015512185
GTEX-12KS4	0.055962691	0.429136585	0.047812884	0.074921086	0.143475971	0.226683488	0	0.022007295
GTEX-12WSC	0.078492308	0.128663031	0.096386696	0.158138571	0	0.513820951	0.019800221	0.004698222
GTEX-12WSD	0.02557527	0.082784041	0.142475425	0.113353859	0	0.567679889	0.04514659	0.022984927
GTEX-12WSE	0.083542557	0.435694514	0.092937615	0.210093475	0	0.15973966	0	0.017992179
GTEX-12WSF	0.249516062	0.448852792	0.011839455	0.120329707	0.005185186	0.127665403	0	0.036611395
GTEX-12WSG	0.110113705	0.502536521	0.005159748	0.095589015	0.126701512	0.11930784	0	0.040591659
GTEX-12WSH	0.18440632	0.47990782	0.024612617	0.108460415	0.067793992	0.116289522	0	0.018529314
GTEX-12WSI	0.087627402	0.22722304	0.132516024	0.159897428	0	0.371405532	0.008467134	0.01286344
GTEX-12WSJ	0.046660607	0.789470432	0	0.057054227	0.095914272	0	0	0.010900463
GTEX-12WSK	0.051276725	0.675356238	0	0.100564296	0.140445898	0	0	0.032356844
GTEX-12WSL	0.078433121	0.697180818	0	0.043133163	0.158581993	0	0	0.022670905
GTEX-12WSM	0.154024911	0.564311237	0	0.076822267	0.092688195	0.086764903	0	0.025388487
GTEX-12WSN	0.077366295	0.713203682	0	0.038112134	0.157779568	0	0	0.013538321
GTEX-12ZZW	0.105890013	0.554045942	0.003838978	0.074204153	0.021289117	0.202820829	0	0.037910968
GTEX-12ZZX	0.081907918	0.14493278	0.073094728	0.215665275	0	0.448668349	0.016290589	0.019440362
GTEX-13111	0.049595234	0.748522258	0	0.053405997	0.133878965	0	0	0.014597545
GTEX-13113	0.049661597	0.734408186	0	0.010069149	0.170816506	0	0	0.035044563
GTEX-1313W	0.052537606	0.343576273	0.051627006	0.110057435	0.153981798	0.248023235	0.014976871	0.025219776
GTEX-1314G	0.055477112	0.461262068	0.014203242	0.035955508	0.13454107	0.12979667	0.042834232	0.125930098
GTEX-131XE	0.065785102	0.585166249	0	0.046827808	0.229040093	0.01610132	0	0.057079429
GTEX-131XF	0.083892902	0.582553825	0	0.084859349	0.223010158	0	0	0.025683767
GTEX-131XG	0.0394953	0.64020675	0	0.215658772	0.098279948	0	0	0.006359229
GTEX-131XH	0.208369168	0.30075979	0	0.181228043	0.007911461	0.258923842	0	0.042807696
GTEX-131XW	0.129882065	0.415904648	0.029847727	0.150296005	0	0.2424784	0	0.031591155
GTEX-131YS	0.107232277	0.005702879	0.029760197	0.199990584	0.044927389	0.446376655	0.161389493	0.004620526
GTEX-132AR	0.073200996	0.60969044	0	0.051387463	0.197326667	0	0	0.068394434
GTEX-132NY	0.14823442	0.439874371	0.007168305	0.118190603	0.11018785	0.163532042	0	0.012812408
GTEX-132Q8	0.203048599	0.361019555	0	0.067123672	0.336908335	0	0	0.031899839
GTEX-132QS	0.052789826	0.810282912	0	0.033575135	0.083962603	0	0	0.019389523
GTEX-1339X	0.030289999	0.732077411	0.002047375	0.193144549	0	0.014492067	0	0.0279486
GTEX-1399R	0.031495307	0.453152433	0	0.152822795	0.313180212	0.035414641	0	0.013934611
GTEX-1399S	0.078699537	0.625117683	0	0.043687675	0.209938765	0	0	0.04255634
GTEX-1399U	0.08950397	0.66860405	0	0.058281834	0.15835483	0	0	0.025255316
GTEX-139D8	0.126693873	0.560744044	0.082631767	0.122909676	0.026373022	0.066551948	0	0.014095668
GTEX-139T6	0.059366479	0.760123454	0	0.02682436	0.124887909	0	0	0.028797798
GTEX-139T8	0.200298104	0.4473219	0	0.092209456	0.226101006	0	0.02030498	0.013764553
GTEX-139TS	0.110389973	0.562662052	0	0.031674511	0.214798281	0.021997618	0.018569193	0.039908371
GTEX-139TT	0.183956554	0.153887662	0.041265529	0.226247607	0.008643757	0.344798816	0.023342585	0.01785749
GTEX-139TU	0.037364226	0.402510826	0.110348558	0.096049061	0.020562024	0.321315339	0	0.011849966
GTEX-139UW	0.097523008	0.521525653	0	0.152113702	0.09860179	0.077074518	0.027364739	0.025796591
GTEX-13CF2	0.092152052	0.231791055	0.013529304	0.337156507	0.008133772	0.295022718	0	0.022214592
GTEX-13CF3	0.117166781	0.641759	0	0.028256101	0.157061363	0	0	0.055756755
GTEX-13CIG	0.09055923	0.645234326	0.011220713	0.084190237	0.116073467	0.031903271	0	0.020818756
GTEX-13CZU	0.054737079	0.751934436	0	0.053721549	0.125567992	0	0	0.014038945
GTEX-13FTW	0.070939212	0.709829626	0	0.051039415	0.16360749	0	0	0.004584257
GTEX-13FTX	0.0660128	0.528923622	0	0.101712157	0.203905699	0	0	0.099445723
GTEX-13FTY	0.108366028	0.111199425	0.037103069	0.191065509	0.151484871	0.25777183	0.124540519	0.018468749
GTEX-13FTZ	0.063813225	0.251695895	0.068498562	0.177036465	0.093465941	0.319890392	0.008254847	0.017344672
GTEX-13FXS	0.114569945	0.163899172	0.068861473	0.192127504	0.011645062	0.390775927	0.030367869	0.027753049
GTEX-13G51	0.141461221	0.132447639	0.034787397	0.192546017	0.134330907	0.322113035	0.021719923	0.020593861
GTEX-13JUV	0.151828105	0.39353685	0.001572466	0.201262169	0.010578618	0.105663426	0.110204098	0.025354268
GTEX-13O61	0.063775418	0.771367702	0	0.030000517	0.12633988	0	0	0.008516483
GTEX-13OVG	0.062505146	0.719979723	0	0.075867215	0.121252976	0	0	0.020394941
GTEX-13OVH	0.0900864	0.551471732	0	0.151942634	0.099918621	0.065767802	0	0.040812811
GTEX-13OVI	0.054140145	0.732718094	0	0.030945496	0.168572015	0	0	0.013624249
GTEX-13OVJ	0.105398837	0.654028614	0	0.053068224	0.125725088	0.006730761	0	0.055048476
GTEX-13OVK	0.034390417	0.574762136	0	0.188454118	0.145507623	0	0	0.056885705
GTEX-13OVL	0.063288546	0.264786065	0.092751174	0.138132557	0	0.404518669	0.001944443	0.034578546
GTEX-13OW6	0.136241261	0.20932883	0.072966802	0.192817847	0.003048998	0.310137894	0.06697477	0.008483598
GTEX-13OW8	0.166388724	0.280380156	0.024233145	0.133088701	0.273425383	0	0.062626437	0.059857455
GTEX-13PL7	0.094651427	0.537247657	0	0.070587056	0.254799775	0	0	0.042714086
GTEX-13PLJ	0.147668896	0.283768078	0.069286197	0.189300234	0.000260247	0.26206176	0.022079969	0.02557462
GTEX-13S7M	0.133017639	0.623100007	0.040873575	0.073263515	0.061106426	0.048695776	0	0.019943063
GTEX-13S86	0.084934062	0.588426323	0	0.031137816	0.257804375	0	0	0.037697423
GTEX-13SLX	0.049859763	0.199291729	0.117809041	0.144352725	0	0.47056282	0.00521741	0.012906511
GTEX-13U4I	0.049034273	0.591529922	0.002831829	0.101431717	0.21875813	0.014305291	0	0.022108839
GTEX-13VXT	0.07858833	0.681964332	0	0.032841062	0.194728527	0	0	0.011877748
GTEX-13VXU	0.09054474	0.244034192	0.106123227	0.111754824	0	0.420048753	0	0.027494264
GTEX-13W3W	0.092283348	0.697800047	0	0.022655259	0.177983123	0	0	0.009278223
GTEX-1477Z	0.093281799	0.424956472	0.018162083	0.235956171	0.082746195	0.07579175	0	0.069105529
GTEX-147F3	0.06783135	0.701258122	0	0.035978671	0.174079184	0	0	0.020852674
GTEX-147F4	0.158082624	0.479937416	0	0.258981253	0	0.037650359	0	0.065348348
GTEX-147GR	0.083166971	0.326836396	0	0.210723939	0.169514363	0.047453671	0.10205094	0.06025372
GTEX-147JS	0.118237535	0.075994449	0	0.173502766	0	0.419970906	0.197435896	0.014858448
GTEX-148VI	0.103248754	0.369876746	0.065726145	0.178100969	0.126629755	0.147082421	0	0.00933521
GTEX-148VJ	0.120053512	0.611911713	0	0.102186375	0.033118323	0.071363458	0	0.061366619
GTEX-1497J	0.112889716	0.649772732	0	0.051078855	0.15818275	0	0	0.028075947
GTEX-14A5H	0.084248933	0.535916887	0.016094864	0.166183956	0	0.157770618	0	0.039784741
GTEX-14A5I	0.087470736	0.536625552	0.014711113	0.144298968	0.054878428	0.045989157	0	0.116026047
GTEX-14A6H	0.072091266	0.423322779	0.043920398	0.186224812	0.198421815	0.043719156	0	0.032299775
GTEX-14ABY	0.104488494	0.109819311	0.09059766	0.23597548	0.098551652	0.313953797	0.026611665	0.020001942
GTEX-14AS3	0.101073762	0.468505983	0.036568554	0.013967826	0.256882157	0.086574316	0.016133381	0.020294021
GTEX-14B4R	0.10991708	0.632707061	0	0.044023573	0.19100242	0	0	0.022349867
GTEX-14BIL	0.134288072	0.52776171	0	0.136646849	0.074163335	0.072685383	0	0.054454651
GTEX-14BIM	0.09240792	0.739315677	0	0.020497477	0.134707704	0	0	0.013071222
GTEX-14BIN	0.111496554	0.351203211	0.153906634	0.097954206	0.070193282	0.202634342	0	0.012611771
GTEX-14BMU	0.072097936	0.700184226	0	0.075744796	0.133554032	0	0	0.01841901
GTEX-14BMV	0.065781609	0.259472011	0.078908806	0.264413772	0.01190005	0.242832256	0.058843868	0.017847629
GTEX-14C38	0.083893885	0.627137539	0	0.140600909	0.1057621	0	0	0.042605567
GTEX-14C39	0.081859366	0.645090533	0	0.093077492	0.084042335	0.047167095	0	0.048763179
GTEX-14C5O	0.208518667	0.478038573	0.020909426	0.108852137	0.015415951	0.023086514	0	0.145178731
GTEX-14DAQ	0.104249914	0.090844461	0.061104446	0.143032902	0.133439516	0.333914553	0.120272157	0.013142051
GTEX-14DAR	0.071557204	0.703826324	0	0.052731671	0.144193456	0	0	0.027691345
GTEX-14E1K	0.051197525	0.726859237	0	0.032683665	0.172302489	0	0	0.016957084
GTEX-14E6C	0.086057755	0.559192907	0.028197908	0.093427359	0.061424161	0.151102334	0	0.020597576
GTEX-14E6D	0.112788911	0.428106653	0.082999835	0.11649063	0.058802051	0.172150945	0.007669316	0.020991659
GTEX-14E6E	0.079715402	0.734379387	0	0.057223464	0.125296431	0	0	0.003385316
GTEX-14E7W	0.129252595	0.248132933	0.077596849	0.242412126	0	0.281160652	0.007137683	0.014307162
GTEX-14H4A	0.063074934	0.740615112	0	0.070781157	0.121726941	0	0	0.003801856
GTEX-14ICK	0.075227039	0.746173663	0	0.018632275	0.153087038	0	0	0.006879984
GTEX-14ICL	0.090599081	0.600552099	0.05407458	0.01972373	0.190355274	0	0	0.044695236
GTEX-14JFF	0.055528648	0.179030693	0.136542907	0.086297227	0	0.522662741	0.007293752	0.012644031
GTEX-14JG1	0.062516122	0.112356609	0.068286474	0.18192794	0.159724726	0.361736609	0.0362068	0.017244719
GTEX-14JG6	0.078302216	0.656602928	0	0.041463339	0.201046585	0	0	0.022584931
GTEX-14JIY	0.106322868	0.466571599	0.093595562	0.138920716	0	0.159256258	0	0.035332996
GTEX-14LLW	0.10345701	0.703550539	0	0.055739199	0.106383252	0	0	0.03087
GTEX-14LZ3	0.121686772	0.599463625	0	0.075959691	0.077819076	0.074526297	0	0.050544539
GTEX-14PHW	0.087363784	0.490422188	0.028804755	0.164730431	0	0.17930938	0	0.049369462
GTEX-14PHY	0.066122711	0.640577954	0	0.039756806	0.188030701	0	0	0.065511828
GTEX-14PII	0.134643681	0.640751454	0.011708946	0.099364905	0.030006121	0.062081145	0	0.021443748
GTEX-14PJ2	0.067528266	0.452069051	0.063610907	0.188442371	0.013363282	0.117197387	0.066419323	0.031369412
GTEX-14PJ3	0.086424751	0.667703123	0	0.061382393	0.170688741	0	0	0.013800992
GTEX-14PJ4	0.103911259	0.680666867	0	0.038045831	0.15473567	0	0	0.022640374
GTEX-14PJ5	0.067736544	0.662576346	0	0.030671037	0.216197672	0	0	0.022818401
GTEX-14PJ6	0.105855624	0.609395585	0	0.038863952	0.182664341	0	0	0.063220498
GTEX-14PJM	0.096618603	0.458102115	0.035826552	0.121873564	0.025783969	0.246008892	0	0.015786304
GTEX-14PJN	0.075405595	0.675662447	0	0.080877918	0.1421349	0	0	0.02591914
GTEX-14PJO	0.09778548	0.629274411	0.008083903	0.037049234	0.162514539	0.016665618	0	0.048626816
GTEX-14PJP	0.100712632	0.706694708	0	0.012290469	0.164691626	0	0	0.015610565
GTEX-14PK6	0.072256409	0.690075898	0	0.034898603	0.183024056	0	0	0.019745033
GTEX-14PKU	0.104249499	0.714869117	0	0.031438456	0.130650455	0	0	0.018792473
GTEX-14PKV	0.060798388	0.700133509	0	0.076957515	0.129417788	0	0	0.0326928
GTEX-14PN3	0.063717865	0.765773941	0	0.033836356	0.115652161	0	0	0.021019677
GTEX-14PN4	0.05449675	0.69912853	0.009821954	0.179580387	0.025426783	0	0	0.031545596
GTEX-14PQA	0.121938875	0.649203816	0	0.068473222	0.112258593	0.01644862	0	0.031676874
GTEX-14XAO	0.11058363	0.749050025	0	0.031636557	0.101665544	0	0	0.007064244
GTEX-15CHC	0.066389465	0.711092864	0	0.015228027	0.176748074	0	0	0.03054157
GTEX-15CHQ	0.139442949	0.219827096	0.135236346	0.106346394	0	0.36693374	0.01054374	0.021669735
GTEX-15CHR	0.044575788	0.704238138	0	0	0.234023973	0	0	0.0171621
GTEX-15D1Q	0.102442544	0.505799185	0	0.064956033	0.2238275	0.045721221	0	0.057253518
GTEX-15D79	0.081342387	0.292545973	0.074734398	0.179798069	0.022937211	0.279312538	0.011954273	0.057375152
GTEX-15DCD	0.048669939	0.292713154	0.123466637	0.05445016	0	0.469856701	0	0.010843409
GTEX-15DCE	0.047583806	0.686007795	0	0.024325885	0.186388943	0	0	0.055693572
GTEX-15DYW	0.065207774	0.13033956	0.084667602	0.166687413	0	0.534149189	0.003583877	0.015364586
GTEX-15DZA	0.073936881	0.656215937	0	0.026552947	0.199531826	0	0	0.043762408
GTEX-15EO6	0.099644157	0.683699824	0	0.074774292	0.116383408	0	0	0.025498319
GTEX-15ETS	0.069002673	0.695593981	0	0.033278691	0.168963683	0	0	0.033160972
GTEX-15EU6	0.042037439	0.713152661	0	0.157071799	0.07635137	0	0	0.011386731
GTEX-15G19	0.122621048	0.070626056	0.128947868	0.05907215	0	0.58888793	0.000714497	0.029130452
GTEX-15G1A	0.039696888	0.74094318	0.013948874	0.146663578	0.044509623	0	0	0.014237857
GTEX-15RIE	0.047063521	0.652096938	0	0.04087156	0.217051538	0	0	0.042916444
GTEX-15RIF	0.072375566	0.724622145	0	0.014388733	0.184417734	0	0	0.004195823
GTEX-15RIG	0.070992191	0.741916705	0	0.036349833	0.139435984	0	0	0.011305287
GTEX-15RJ7	0.043653081	0.651341673	0	0.069601963	0.1819732	0.015241493	0	0.03818859
GTEX-15RJE	0.096049545	0.659231623	0	0.083766747	0.136945876	0	0	0.024006208
GTEX-15SB6	0.058045047	0.694777291	0	0.037419729	0.175044056	0	0	0.034713878
GTEX-15SDE	0.059356896	0.56641748	0	0.031586173	0.300262255	0	0	0.042377195
GTEX-16AAH	0.089617771	0.667467937	0	0.043479351	0.158743632	0	0	0.040691309
GTEX-16BQI	0.053656428	0.705232343	0	0.066148707	0.155624719	0	0	0.019337803
GTEX-16MT8	0.123470187	0.480681394	0.005120568	0.22308226	0	0.131893729	0	0.035751862
GTEX-16MT9	0.140083257	0.393742796	0.018863113	0.09629902	0	0.335417683	0	0.015594132
GTEX-16MTA	0.078032048	0.706117523	0	0.033064268	0.157110351	0	0	0.025675811
GTEX-16NGA	0.048122835	0.732425774	0	0.050469022	0.138326491	0	0	0.030655878
GTEX-16NPV	0.145797503	0.577204263	0.012929245	0.125344943	0.078102969	0.029256413	0	0.031364664
GTEX-16NPX	0.21063515	0.489609781	0	0.134735127	0.027354934	0.13387028	0	0.003794729
GTEX-16XZY	0.078943409	0.695864954	0	0.02074848	0.17163899	0	0	0.032804167
GTEX-16XZZ	0.086015853	0.647652276	0	0.077466719	0.125887919	0.005953441	0	0.057023792
GTEX-16YQH	0.07329267	0.50135397	0.022348349	0.169717883	0.020499378	0.193362772	0	0.019424978
GTEX-16Z82	0.047855985	0.3123763	0.095184684	0.120592058	0.149903434	0.250266729	0	0.02382081
GTEX-178AV	0.071010729	0.503250319	0	0.058290092	0.303051887	0	0	0.064396973
GTEX-17EUY	0.074972886	0.643345128	0	0.058626423	0.184213982	0	0	0.038841581
GTEX-17EVP	0.122440726	0.34880899	0.015123753	0.298493489	0.112165929	0.058274777	0	0.044692336
GTEX-17EVQ	0.120038706	0.431332493	0.008518569	0.167781666	0.131797563	0.122246908	0	0.018284094
GTEX-17GQL	0.065052524	0.672745815	0	0.066251839	0.139967862	0	0	0.05598196
GTEX-17HG3	0.066791326	0.337789614	0.041653088	0.223181215	0.173239334	0.138891702	0.004537307	0.013916415
GTEX-17HGU	0.103264524	0.525994657	0	0.146410262	0.123882569	0.078218283	0	0.022229705
GTEX-17HHE	0.116246765	0.486886808	0	0.095114921	0.243229717	0.042124913	0	0.016396876
GTEX-17HHY	0.065489063	0.073137751	0.06604831	0.224733863	0.072467034	0.372657447	0.106168289	0.019298241
GTEX-17HII	0.083820086	0.647779374	0	0.122777513	0.06881562	0.045479172	0	0.031328236
GTEX-17JCI	0.063398586	0.366228218	0.043123532	0.159514735	0.11194281	0.231373068	0.003881691	0.02053736
GTEX-17KNJ	0.049230147	0.715666718	0	0	0.210851475	0	0	0.024251659
GTEX-17MFQ	0.053205028	0.713108963	0	0.020151943	0.202272546	0	0	0.01126152
GTEX-183FY	0.051874905	0.71928346	0	0.038500755	0.185537297	0	0	0.004803582
GTEX-183WM	0.05616743	0.617886084	0.008815982	0.211777277	0.070311693	0.018980923	0	0.016060609
GTEX-18465	0.079138609	0.369558653	0.051800985	0.14625781	0.194990881	0.136902251	0	0.021350811
GTEX-18A66	0.046002303	0.647365715	0.001639734	0.167405671	0.05328218	0.072600749	0	0.011703648
GTEX-18A67	0.055943355	0.714372694	0	0.038346849	0.170872181	0.00728781	0	0.013177111
GTEX-18A6Q	0.062543522	0.258946736	0.060012864	0.219095819	0.192583122	0.190466039	0.001593655	0.014758242
GTEX-18A7A	0.10069643	0.251985629	0.061109509	0.208933878	0.046442833	0.299198285	0.011064506	0.020568931
GTEX-18A7B	0.135018376	0.539268975	0	0.07212595	0.100974693	0.069360166	0	0.08325184
GTEX-18D9A	0.099596086	0.633675227	0.018985077	0.076135717	0.134593994	0	0	0.037013899
GTEX-18D9B	0.08154754	0.643962339	0	0.012313934	0.231317916	0	0	0.030858272
GTEX-18D9U	0.074334843	0.54420631	0.085441102	0.050005352	0	0.240712085	0	0.005300308
GTEX-18QFQ	0.043732614	0.697699582	0	0.04592681	0.199084156	0	0	0.013556838
GTEX-1A32A	0.113543921	0.53776665	0	0.131122626	0.187619942	0.003769367	0	0.026177494
GTEX-1A3MV	0.07932977	0.608217787	0	0.102892592	0.143937458	0.036244022	0	0.029378371
GTEX-1A3MW	0.03041774	0.738378032	0.036987016	0.091435665	0	0.069331613	0	0.033449934
GTEX-1A3MX	0.090532978	0.63620248	0	0.033310825	0.168204309	0	0	0.071749408
GTEX-1A8FM	0.073578477	0.318558518	0.072056385	0.104392897	0	0.401814043	0.006091237	0.023508443
GTEX-1A8G6	0.078985776	0.397519818	0.074840437	0.108482319	0.044205495	0.269061264	0	0.026904891
GTEX-1A8G7	0.065785131	0.291599614	0.093674068	0.164189163	0	0.359486348	0.004718417	0.020547259
GTEX-1AMEY	0.079287806	0.657727293	0	0.035786259	0.178830129	0	0	0.048368514
GTEX-1AMFI	0.074047281	0.651472285	0	0.07596496	0.186868194	0	0	0.011647279
GTEX-1AX8Z	0.06555588	0.730344338	0	0.024619037	0.174401741	0	0	0.005079004
GTEX-1AX9I	0.13434904	0.524174612	0.022470823	0.136692901	0.018772546	0.150273559	0	0.013266519
GTEX-1AX9J	0.070490672	0.730954506	0	0.0663203	0.121253195	0	0	0.010981327
GTEX-1AX9K	0.064589114	0.693090843	0	0.02352525	0.155077173	0	0	0.063717619
GTEX-1AYCT	0.060488201	0.679105083	0	0.053316342	0.167263665	0.015495831	0	0.024330879
GTEX-1AYD5	0.057815505	0.27699133	0.036517192	0.115705193	0.096223325	0.409563165	0	0.007184288
GTEX-1B8KE	0.085744379	0.712506677	0	0	0.170961368	0	0	0.030787576
GTEX-1B8KZ	0.044609832	0.608475653	0.008875121	0.060796188	0.189566499	0.060820689	0	0.026856017
GTEX-1B8L1	0.060764424	0.101660026	0.076997095	0.322600693	0	0.315598517	0.055958037	0.066421208
GTEX-1B8SF	0.072453358	0.202908496	0.12058361	0.217109147	0	0.350356399	0.012440706	0.024148285
GTEX-1B8SG	0.069189078	0.571476117	0.007774377	0.174090142	0.111478101	0.054621014	0	0.011371171
GTEX-1B932	0.050436843	0.588487071	0	0.060541323	0.219189176	0.033105216	0	0.048240372
GTEX-1B933	0.098432848	0.207007253	0.06819288	0.149256529	0	0.431006781	0.003384783	0.042718927
GTEX-1B97I	0.078168524	0.667163099	0	0.055869135	0.17813059	0	0	0.020668652
GTEX-1B97J	0.078393503	0.625361531	0	0.058010314	0.177058144	0	0	0.061176509
GTEX-1B996	0.111381203	0.626833125	0	0.11526972	0.118617512	0	0	0.02789844
GTEX-1BAJH	0.062773809	0.15713462	0.092679803	0.153298026	0	0.480505495	0.043846905	0.009761341
GTEX-1C2JI	0.075732051	0.756159006	0	0.024117843	0.127019948	0	0	0.016971152
GTEX-1C475	0.065658198	0.717445404	0	0.044880849	0.137666515	0	0	0.034349033
GTEX-1C4CL	0.052430791	0.507047657	0	0.100563613	0.245252344	0	0	0.094705595
GTEX-1C64N	0.059339841	0.175075063	0.049945044	0.332414912	0.109102264	0.184287145	0.06368472	0.026151011
GTEX-1C64O	0.058132173	0.724331908	0	0.03188012	0.169654672	0	0	0.016001127
GTEX-1C6VQ	0.085752948	0.647156807	0.012742084	0.054825386	0.103618946	0.040230966	0	0.055672863
GTEX-1C6VR	0.115863241	0.303453214	0.116853074	0.13306976	0	0.30350965	0.005518462	0.021732599
GTEX-1C6VS	0.087315507	0.562214011	0	0.138350187	0.138765861	0	0	0.073354434
GTEX-1CAMR	0.093763889	0.723736173	0	0.011183715	0.161459838	0	0	0.009856385
GTEX-1CAMS	0.059990495	0.756114969	0	0.052152463	0.116261987	0	0	0.015480086
GTEX-1CB4E	0.050517894	0.737679285	0	0.043496346	0.150172289	0	0	0.018134186
GTEX-1CB4G	0.066665698	0.281031133	0.025622147	0.185717865	0	0.413713358	0	0.027249798
GTEX-1CB4H	0.134515192	0.523461533	0	0.069269719	0	0.24576341	0	0.026990146
GTEX-1CB4I	0.05743091	0.65782056	0	0.102955281	0.151688609	0	0	0.03010464
GTEX-1CB4J	0.076976823	0.49821902	0.055920707	0.096162941	0	0.236057739	0	0.036662769
GTEX-1E1VI	0.095648314	0.500443514	0.080888606	0.10593478	0.110670625	0.092165674	0	0.014248487
GTEX-1E2YA	0.043383987	0.413675504	0.078935872	0.112359918	0	0.331481954	0	0.020162766
GTEX-1EH9U	0.079431955	0.707795845	0	0.088266477	0.088022392	0	0	0.036483331
GTEX-1EKGG	0.073008106	0.27320013	0.062129598	0.193090494	0	0.358491022	0.004447939	0.035632712
GTEX-1EMGI	0.126561804	0.214636442	0.035172705	0.264271396	0.064457669	0.223641772	0.013073325	0.058184889
GTEX-1EN7A	0.073066143	0.521085811	0.022281951	0.061597617	0.143647083	0.139788497	0.006451659	0.03208124
GTEX-1EU9M	0.055177781	0.407120674	0.035169008	0.169923371	0	0.315596992	0	0.017012173
GTEX-1EWIQ	0.080683302	0.246403492	0.119847027	0.134122026	0	0.391378176	0.004160316	0.023405662
GTEX-1EX96	0.13317152	0.57865847	0.023666101	0.122177264	0.046543016	0.073374553	0	0.022409076
GTEX-1F48J	0.104184635	0.693858384	0	0.085832319	0.048287354	0.038517336	0	0.029319973
GTEX-1F52S	0.101541959	0.687725692	0	0.044526312	0.141514667	0	0	0.02469137
GTEX-1F5PK	0.085634812	0.665599176	0	0.031683006	0.187307669	0	0	0.029775337
GTEX-1F6I4	0.046897117	0.285870291	0.125510579	0.186832274	0	0.331440481	0	0.023449258
GTEX-1F6IF	0.157508215	0.38317253	0.013075708	0.194230776	0.07999288	0.13803642	0	0.033983473
GTEX-1F75I	0.079238782	0.71256886	0	0.031688417	0.154534752	0	0	0.021969189
GTEX-1F75W	0.071164205	0.247725012	0.153115247	0.072503802	0	0.437770618	0	0.017721116
GTEX-1F7RK	0.141382957	0.40631618	0.041055754	0.065978124	0.083896371	0.234096894	0	0.02727372
GTEX-1F88F	0.077608625	0.31390219	0.11863791	0.12756556	0.106721953	0.237337859	0	0.018225904
GTEX-1GF9U	0.101917182	0.647443776	0	0.04143603	0.179904481	0	0	0.029298531
GTEX-1GF9V	0.119350313	0.276347038	0.039886456	0.197715625	0	0.343499925	0	0.023200643
GTEX-1GF9W	0.073736478	0.702385809	0	0	0.142281308	0	0	0.081596405
GTEX-1GF9X	0.038427529	0.590489452	0.005130336	0.097353697	0.207328893	0.008741495	0	0.052528599
GTEX-1GMR2	0.059451405	0.623890135	0	0.023187809	0.201232251	0	0	0.0922384
GTEX-1GMR3	0.025718395	0.548469907	0.007086746	0.067609325	0.296747139	0.045907125	0	0.008461363
GTEX-1GMR8	0.222159923	0.559901141	0	0.048764256	0.149591448	0	0	0.019583232
GTEX-1GMRU	0.102070933	0.22621804	0.119957929	0.194787171	0	0.331280597	0.007921439	0.017763892
GTEX-1GN1U	0.095014385	0.574886165	0	0.051275687	0.230480988	0	0	0.048342775
GTEX-1GN1V	0.065764436	0.498861459	0.077178434	0.165524651	0	0.185144132	0	0.007526888
GTEX-1GN1W	0.095972282	0.68290733	0	0.022798138	0.177064148	0	0	0.021258101
GTEX-1GN2E	0.115097069	0.365040835	0.012814992	0.224125127	0.035291265	0.217351382	0	0.03027933
GTEX-1GN73	0.169461081	0.42571508	0	0.054117148	0.189736131	0	0.13002679	0.030943771
GTEX-1GPI6	0.041443183	0.515787357	0.12534131	0.094209714	0	0.194641164	0	0.028577271
GTEX-1GPI7	0.059756182	0.703802239	0	0.054563608	0.163218733	0	0	0.018659238
GTEX-1GTWX	0.091388125	0.451009707	0.02356036	0.202313949	0	0.192163123	0	0.039564735
GTEX-1GZ2Q	0.132645832	0.540106906	0.010084414	0.070982327	0.1406158	0.084851292	0	0.020713429
GTEX-1GZ4H	0.068240292	0.703665003	0	0.024901485	0.140753955	0	0	0.062439265
GTEX-1GZHY	0.058771919	0.451697867	0.082957853	0.132740154	0.046438315	0.212154211	0	0.01523968
GTEX-1H11D	0.108257596	0.593545744	0	0.013455516	0.223147466	0	0	0.061593677
GTEX-1H1CY	0.104549219	0.468637196	0.022872819	0.129429123	0.00326048	0.242940157	0	0.028311006
GTEX-1H1DE	0.048535665	0.652863155	0	0.194447274	0.095513149	0	0	0.008640757
GTEX-1H1DF	0.068218721	0.630619247	0.018326118	0.200962971	0.052847881	0	0	0.029025062
GTEX-1H1DG	0.107392371	0.603293697	0	0.110032518	0.118301844	0	0	0.06097957
GTEX-1H1E6	0.07871275	0.715948191	0	0.063923542	0.124815529	0	0	0.016599989
GTEX-1H23P	0.120721999	0.504712319	0	0.083513962	0.046675124	0.078704015	0	0.165672583
GTEX-1H3NZ	0.1186734	0.216477413	0.032852357	0.202047528	0	0.333506884	0.085870643	0.010571775
GTEX-1H3O1	0.010383328	0.518683186	0.107744893	0.089892483	0	0.246384242	0	0.026911868
GTEX-1H4P4	0.032902475	0.325794248	0.096895333	0.167525408	0	0.357085232	0	0.019797302
GTEX-1HB9E	0.137476449	0.568511405	0	0.108565539	0.049557251	0.100616552	0	0.035272804
GTEX-1HBPI	0.117165035	0.076284504	0.004300713	0.211281849	0.051088223	0.400365071	0.118877521	0.020637083
GTEX-1HBPM	0.106736132	0.678897635	0.002440464	0.051246773	0	0.124120382	0	0.036558613
GTEX-1HC8U	0.070404631	0.637947047	0	0.073236582	0.213699884	0	0	0.004711855
GTEX-1HCU6	0.113809697	0.582606313	0	0.136607951	0.014709291	0.134019764	0	0.018246983
GTEX-1HCU7	0.085583552	0.54425896	0.043935914	0.145754926	0	0.161629754	0	0.018836894
GTEX-1HCU8	0.047976537	0.279019746	0.068828752	0.173285067	0	0.41915302	0	0.011736878
GTEX-1HCU9	0.085776263	0.702823028	0	0.03392823	0.13940866	0	0	0.03806382
GTEX-1HCUA	0.082844974	0.657384302	0	0.085617681	0.148212039	0	0	0.025941004
GTEX-1HCVE	0.218314994	0.470282532	0	0.042749541	0.10644526	0.099950884	0	0.062256789
GTEX-1HFI6	0.129839333	0.029977638	0.022730257	0.180741443	0.104935048	0.471551315	0.048915324	0.011309642
GTEX-1HFI7	0.076481003	0.66265388	0	0.039642415	0.186285195	0	0	0.034937507
GTEX-1HKZK	0.062172667	0.757762795	0	0.041911937	0.132071907	0	0	0.006080694
GTEX-1HR98	0.08577625	0.269558593	0.083971765	0.069456775	0	0.477709792	0	0.013526825
GTEX-1HR9M	0.130348651	0.619245932	0	0.080287596	0.136842659	0.00092738	0	0.032347782
GTEX-1HSGN	0.078580314	0.695030196	0	0.039373921	0.157787366	0.001104307	0	0.028123896
GTEX-1HSKV	0.063447682	0.374013277	0.049040596	0.139311573	0	0.334118871	0.013064239	0.027003762
GTEX-1HSMO	0.06892166	0.591780492	0	0.135785167	0.097512591	0.071262819	0	0.034737272
GTEX-1HSMP	0.062282503	0.679333089	0	0.016251202	0.187779179	0	0	0.054354027
GTEX-1HSMQ	0.070129711	0.72796681	0	0.010416851	0.181353384	0	0	0.010133244
GTEX-1HT8W	0.053661672	0.198788371	0.167502193	0.144496197	0.160749622	0.256550758	0	0.018251186
GTEX-1HUB1	0.130693625	0.260880975	0.042391668	0.12977179	0	0.387631968	0.008658645	0.039971329
GTEX-1I19N	0.074679314	0.730003685	0	0.073031898	0.081992084	0.001696825	0	0.038596194
GTEX-1I1CD	0.112780737	0.458108255	0.002265321	0.164514834	0	0.129232133	0	0.13309872
GTEX-1I1GP	0.04138354	0.593766857	0.061066499	0.071145062	0	0.205426895	0	0.027211147
GTEX-1I1GQ	0.055258407	0.230664128	0.052232349	0.39942583	0.081599497	0.16024136	0.008390414	0.012188016
GTEX-1I1GR	0.094370079	0.120970651	0.050613971	0.228742461	0.00066602	0.388349681	0.083037375	0.033249762
GTEX-1I1GS	0.084050441	0.656433415	0	0.125560301	0.079926833	0.010449496	0	0.043579514
GTEX-1I1GT	0.097387182	0.63280795	0	0.036673902	0.192288335	0	0	0.040842632
GTEX-1I1GV	0.095909459	0.350048367	0.033624082	0.213526167	0.042861378	0.215538326	0.007082275	0.041409946
GTEX-1I1HK	0.094008824	0.303992637	0.054295926	0.101486672	0.120930393	0.281046854	0.01390553	0.030333165
GTEX-1I4MK	0.084782346	0.68569321	0	0.049841865	0.130724993	0	0	0.048957586
GTEX-1I6K6	0.082775327	0.673005639	0	0.046514416	0.121434167	0.05565145	0	0.020619001
GTEX-1I6K7	0.077954925	0.71361544	0	0.037954578	0.166302096	0	0	0.004172961
GTEX-1ICG6	0.069540051	0.686698634	0	0.044511752	0.170030081	0	0	0.029219482
GTEX-1ICLY	0.096013447	0.543327294	0	0.089454979	0.174193992	0	0	0.097010289
GTEX-1IDFM	0.094863056	0.630560691	0	0.111573348	0.067719004	0.066777298	0	0.028506603
GTEX-1IDJC	0.063269782	0.690573517	0	0.035436212	0.160543556	0	0	0.050176933
GTEX-1IDJD	0.053438178	0.554134439	0	0.050827211	0.306539147	0	0	0.035061026
GTEX-1IDJE	0.052710812	0.601416405	0	0.098221065	0.236019046	0	0	0.011632672
GTEX-1IDJF	0.086563905	0.675239854	0	0.030098972	0.180128053	0	0	0.027969216
GTEX-1IDJH	0.066381229	0.300578183	0.079063991	0.120716879	0	0.415935413	0	0.017324306
GTEX-1IDJI	0.052380805	0.678904336	0	0.090432701	0.14375213	0.003301749	0	0.03122828
GTEX-1IDJU	0.092021802	0.591237447	0	0	0.277298954	0	0	0.039441797
GTEX-1IE54	0.108820256	0.543549218	0	0.117631497	0.089589783	0.023637183	0	0.116772062
GTEX-1IGQW	0.099404335	0.318889296	0.059165472	0.124857736	0.039348676	0.321138783	0	0.037195702
GTEX-1IKJJ	0.142189617	0.37179292	0.049134211	0.136914044	0	0.270479565	0	0.029489643
GTEX-1IKK5	0.060269724	0.413840944	0.030756484	0.088734406	0	0.317612807	0.00903919	0.079746445
GTEX-1IKOE	0.044432968	0.70587177	0	0.063939014	0.158191331	0	0	0.027564918
GTEX-1IKOH	0.138400776	0.45223094	0.061209021	0.120353829	0	0.143835162	0	0.083970272
GTEX-1IL2U	0.072536632	0.079552641	0.112184836	0.220374464	0	0.498692563	0.004570239	0.012088624
GTEX-1IL2V	0.068320784	0.439481805	0.050537242	0.151199888	0	0.256692981	0.003784582	0.029982719
GTEX-1IOXB	0.067575339	0.153425553	0.065346837	0.18357458	0	0.45965707	0.040437675	0.029982947
GTEX-1IY9M	0.113229718	0.165115272	0.064918279	0.102124948	0	0.388924241	0.143497102	0.022190441
GTEX-1J8EW	0.048688572	0.358655491	0.116433919	0.085708046	0	0.346394305	0.022645996	0.021473671
GTEX-1J8JJ	0.049102727	0.386320948	0.117536436	0.109329643	0.112668831	0.218849127	0	0.006192289
GTEX-1J8Q2	0.078574303	0.638542867	0	0.080256425	0.03596449	0.116005534	0	0.050656381
GTEX-1J8Q3	0.086360184	0.74432486	0	0.003268527	0.139201561	0	0	0.026844868
GTEX-1J8QM	0.090819777	0.686769288	0	0.022718019	0.143351233	0.008798946	0	0.047542737
GTEX-1JJ6O	0.083662579	0.64063597	0	0.072917589	0.056877991	0.124378641	0	0.02152723
GTEX-1JJE9	0.089758241	0.508336652	0	0.176454149	0.06899943	0.038437075	0	0.118014452
GTEX-1JJEA	0.109286023	0.170908801	0.052269397	0.19556781	0	0.440350514	0.022200573	0.009416882
GTEX-1JK1U	0.083676238	0.684090944	0	0.065268903	0.144610668	0	0	0.022353247
GTEX-1JKYN	0.054064302	0.615949837	0	0.072102138	0.171285576	0.045293071	0	0.041305077
GTEX-1JKYR	0.087276649	0.660584901	0	0.068458894	0.161925865	0	0	0.021753692
GTEX-1JMLX	0.102936393	0.201510016	0	0.327108429	0.228590305	0	0.09496309	0.044891767
GTEX-1JMOU	0.111981276	0.476360918	0.020734203	0.093759586	0.023378195	0.242407767	0	0.031378056
GTEX-1JMPY	0.076231429	0.632685012	0	0.069854515	0.200287671	0	0	0.020941373
GTEX-1JMPZ	0.074074309	0.480173899	0.059447456	0.12727987	0	0.221238821	0	0.037785645
GTEX-1JMQI	0.048580274	0.593313367	0	0.023581921	0.236684605	0.019389428	0	0.078450406
GTEX-1JMQJ	0.107512231	0.446917285	0.02938861	0.191614008	0.013888192	0.182949562	0	0.027730113
GTEX-1JMQK	0.089869304	0.630804951	0	0.085855365	0.074796974	0.096129431	0	0.022543975
GTEX-1JMQL	0.049449303	0.664216418	0.011442196	0.13548862	0.030681227	0.04924006	0	0.059482176
GTEX-1JN1M	0.061177212	0.659604255	0	0.212690267	0.046110265	0	0	0.020418
GTEX-1JN6P	0.099261011	0.379927598	0.018419064	0.220458359	0.108997578	0.122220644	0.032958458	0.017757288
GTEX-1JN76	0.050901913	0.713833027	0	0.094977779	0.120921098	0	0	0.019366182
GTEX-1K2DA	0.066485645	0.696848846	0	0.058729706	0.169165131	0	0	0.008770672
GTEX-1K2DU	0.072406316	0.605412683	0	0.148437665	0.155218512	0.002543089	0	0.015981735
GTEX-1K9T9	0.080197054	0.238363224	0.065466234	0.094627403	0	0.516539213	0	0.004806873
GTEX-1KAFJ	0.063666445	0.689394967	0	0.0506835	0.159579217	0	0	0.036675872
GTEX-1KANA	0.060847471	0.697399978	0	0.048683693	0.152578517	0	0	0.040490341
GTEX-1KANB	0.037405895	0.242262585	0.078589326	0.129914502	0	0.470572557	0.027162361	0.014092774
GTEX-1KANC	0.079930408	0.666515379	0	0.092398398	0.132873313	0	0	0.028282502
GTEX-1KD4Q	0.065380655	0.419629866	0.068299913	0.169284855	0	0.241808358	0	0.035596354
GTEX-1KD5A	0.094321639	0.623863698	0	0.118999731	0.114898995	0.020310353	0	0.027605582
GTEX-1KWVE	0.040397655	0.138209361	0.075783404	0.234644411	0	0.488830325	0.006417404	0.015717439
GTEX-1KXAM	0.052413739	0.692933707	0	0.09164187	0.147302673	0	0	0.015708011
GTEX-1L5NE	0.037613002	0.687236124	0	0.216742785	0.041877258	0	0	0.016530831
GTEX-1LB8K	0.060024162	0.229908392	0.1125505	0.189917172	0	0.350234971	0.036386057	0.020978745
GTEX-1LBAC	0.030587949	0.491466317	0	0.128521766	0.288487844	0.026461998	0	0.034474126
GTEX-1LC47	0.057900169	0.698793016	0.054701791	0.057590127	0.010709314	0.083121865	0	0.037183717
GTEX-1LG7Y	0.1487502	0.494554008	0.020805319	0.161980492	0.103455657	0.029110387	0	0.041343937
GTEX-1LG7Z	0.056646859	0.646268809	0	0.047089701	0.215917897	0	0	0.034076734
GTEX-1LGOU	0.064403729	0.708542437	0	0.064968866	0.146171789	0	0	0.01591318
GTEX-1LGRB	0.081694548	0.72626791	0	0.023626238	0.148767818	0	0	0.019643486
GTEX-1LH75	0.107649427	0.561357759	0	0.106184624	0.078761338	0	0.02758064	0.118466213
GTEX-1LKK1	0.107280016	0.594534782	0	0.081658954	0.172352136	0	0	0.044174112
GTEX-1LNCM	0.120357626	0.320334166	0	0.170976243	0.341455702	0.031926681	0	0.014949582
GTEX-1LSNL	0.090185315	0.35939033	0.093188195	0.111014477	0.093561027	0.208231761	0.028502931	0.015925965
GTEX-1LSNM	0.061209642	0.684363986	0	0.062955092	0.151800171	0	0	0.039671109
GTEX-1LSVX	0.105474954	0.477416356	0.012727003	0.148959311	0.027201322	0.178711259	0.015896071	0.033613725
GTEX-1LVA9	0.091792384	0.248803829	0.075044321	0.153897387	0	0.407562124	0.006919906	0.015980048
GTEX-1LVAM	0.089811404	0.648552081	0	0.018890881	0.211905851	0	0	0.030839783
GTEX-1LVAN	0.070641695	0.657512262	0	0.030136302	0.181163819	0	0	0.060545921
GTEX-1LVAO	0.101381693	0.556651819	0.031975388	0.035253962	0	0.213301101	0	0.061436036
GTEX-1M4P7	0.123409047	0.536674915	0.030288241	0.127857886	0	0.143713621	0	0.03805629
GTEX-1M5QR	0.07882953	0.65961011	0	0.062684116	0.177234445	0	0	0.021641799
GTEX-1MA7W	0.046504469	0.574344011	0	0.099952251	0.253740196	0.010359776	0	0.015099296
GTEX-1MA7X	0.163152275	0.235035222	0.107237997	0.140422674	0	0.306570227	0.00826494	0.039316664
GTEX-1MCC2	0.070976205	0.695049722	0	0.023407244	0.17551883	0	0	0.035047998
GTEX-1MCQQ	0.073404038	0.28569668	0.028773054	0.300781739	0.021597787	0.242302662	0.003624846	0.043819194
GTEX-1MCYP	0.053186798	0.684679147	0	0.057501993	0.18458871	0	0	0.020043352
GTEX-1MGNQ	0.073066711	0.702621867	0	0.030701038	0.162899798	0	0	0.030710586
GTEX-1MJIX	0.06507218	0.678836723	0	0.072256599	0.173446827	0	0	0.010387671
GTEX-1MJK2	0.138501704	0.430110691	0.013607324	0.184220365	0.061726119	0.133610909	0	0.038222887
GTEX-1MJK3	0.064865617	0.701633262	0	0.058195282	0.164052479	0	0	0.01125336
GTEX-1MUQO	0.095955348	0.671536077	0	0.026718661	0.173875824	0	0	0.03191409
GTEX-1N2DW	0.070622539	0.483064507	0.090505105	0.073757228	0	0.245382985	0.013507456	0.02316018
GTEX-1N2EE	0.098533794	0.348710622	0.054903311	0.178020777	0	0.270169435	0.008143291	0.04151877
GTEX-1N2EF	0.11013358	0.703606147	0	0.051844703	0.095223626	0	0	0.039191944
GTEX-1N5O9	0.241519472	0.391845425	0	0.133238745	0.046668206	0.083301847	0.075832623	0.027593682
GTEX-1NHNU	0.073566651	0.698456424	0	0.039150355	0.162966883	0	0	0.025859687
GTEX-1NSGN	0.03076199	0.604931331	0	0.126192285	0.223368672	0	0	0.014745722
GTEX-1NUQO	0.065715053	0.613933589	0	0.101566504	0.199128666	0	0	0.019656188
GTEX-1NV8Z	0.083748069	0.176424238	0.111829501	0.162673028	0	0.422660798	0.008992719	0.033671647
GTEX-1O97I	0.077117137	0.184777527	0.083876237	0.196673032	0	0.428895446	0.00755371	0.021106912
GTEX-1O9I2	0.034603051	0.703005903	0.011142417	0.156437651	0	0.061005406	0	0.033805572
GTEX-1OFPY	0.044293867	0.700053487	0	0.188987459	0.05919372	0	0	0.007471467
GTEX-1OJC3	0.062651237	0.739703006	0	0.021705563	0.168703551	0	0	0.007236643
GTEX-1OJC4	0.10641376	0.561887563	0.059984305	0.095504582	0.036921164	0.102075718	0	0.037212908
GTEX-1OKEX	0.094696515	0.667747495	0	0.041402108	0.184428108	0	0	0.011725774
GTEX-1P4AB	0.085648047	0.612064455	0	0.091544074	0.178234875	0	0	0.03250855
GTEX-1PBJI	0.029374011	0.414207354	0.023833576	0.13755042	0.298611907	0.08066961	0	0.015753122
GTEX-1PBJJ	0.09879338	0.558687741	0	0.110768885	0.133603841	0.049268551	0	0.048877602
GTEX-1PDJ9	0.086321533	0.701107359	0	0.042214011	0.151710929	0	0	0.018646169
GTEX-1PFEY	0.071128578	0.687328106	0	0.033806798	0.169338212	0	0	0.038398306
GTEX-1PIEJ	0.064665667	0.701757084	0	0.030315675	0.183638525	0.004860343	0	0.014762707
GTEX-1PIGE	0.062649878	0.625184072	0	0.044773205	0.20924996	0.03108687	0	0.027056015
GTEX-1PIIG	0.10743568	0.692520327	0	0.06304969	0.111929351	0	0	0.025064952
GTEX-1POEN	0.068222618	0.230646426	0.095495457	0.194792282	0.007736182	0.378727599	0.001700917	0.02267852
GTEX-1PPH6	0.158344745	0.501622135	0.023018089	0.178010283	0.02294027	0.094379768	0	0.021684711
GTEX-1PPH7	0.059535252	0.718682533	0	0.051193492	0.13101444	0	0	0.039574283
GTEX-1PPH8	0.033995988	0.671245138	0	0.171518851	0.101584723	0	0	0.0216553
GTEX-1PWST	0.130832273	0.475572686	0.010707901	0.1426064	0	0.197624649	0.008610266	0.034045826
GTEX-1QAET	0.110634631	0.424215719	0.014263349	0.158437689	0.122361798	0.10958848	0	0.060498334
GTEX-1QCLY	0.070118246	0.5788041	0	0.094146941	0.229752634	0	0	0.027178079
GTEX-1QCLZ	0.065675125	0.714947527	0	0.050556542	0.160395613	0	0	0.008425192
GTEX-1QEPI	0.054603738	0.244199144	0.097166824	0.224012098	0	0.35647312	0	0.023545077
GTEX-1QMI2	0.062830404	0.225165515	0.060994158	0.225369842	0	0.365254043	0.020136166	0.040249872
GTEX-1QP28	0.060542063	0.718045954	0	0.028561281	0.16185286	0	0	0.030997843
GTEX-1QP29	0.057931609	0.675824619	0	0.070111824	0.162764904	0	0	0.033367044
GTEX-1QP66	0.04900946	0.76737691	0	0.026242929	0.149736994	0	0	0.007633706
GTEX-1QP67	0.071975629	0.709113074	0	0.030704673	0.175489331	0	0	0.012717293
GTEX-1QP9N	0.059640377	0.685778311	0	0.050527472	0.185494463	0	0	0.018559377
GTEX-1QPFJ	0.048585282	0.67486484	0	0.149806086	0.086841198	0	0	0.039902594
GTEX-1QW4Y	0.082450472	0.681822676	0	0.044734436	0.179767957	0	0	0.01122446
GTEX-1R46S	0.090122694	0.708256195	0	0.067129784	0.119281559	0	0	0.015209767
GTEX-1R7EU	0.096521888	0.692996785	0	0.025348765	0.172540631	0	0	0.012591931
GTEX-1R7EV	0.035101355	0.666105884	0	0.184176945	0.103703131	0	0	0.010912685
GTEX-1R9JW	0.063193684	0.632220145	0	0.07817569	0.191995079	0	0	0.034415402
GTEX-1R9K4	0.103112336	0.641781267	0.007754083	0	0.015586568	0.175731922	0	0.056033824
GTEX-1R9K5	0.062382652	0.632795413	0	0.051878016	0.234946509	0	0	0.01799741
GTEX-1R9PM	0.060544741	0.522810285	0	0.071857292	0.326826478	0	0	0.017961204
GTEX-1R9PN	0.075389808	0.687776096	0	0.040939392	0.190148325	0	0	0.005746378
GTEX-1R9PO	0.051551184	0.596225029	0.042897463	0.201707673	0	0.070277201	0	0.03734145
GTEX-1RAZA	0.049587731	0.569292935	0	0.033216438	0.262651593	0	0	0.085251303
GTEX-1RAZQ	0.047306795	0.733312263	0.002395908	0.074651384	0.084605672	0.014369002	0	0.043358975
GTEX-1RAZR	0.052808038	0.53968915	0	0.050850621	0.301108714	0.044247291	0	0.011296185
GTEX-1RAZS	0.085465743	0.240753673	0.035450165	0.261332943	0.144658181	0.195623366	0.017002488	0.01971344
GTEX-1RB15	0.071043685	0.679433739	0	0.022372862	0.211504379	0	0	0.015645336
GTEX-1RDX4	0.170860435	0.089346616	0.036153736	0.295767299	0	0.317764745	0.05046332	0.03964385
GTEX-1RLM8	0.050777268	0.571226304	0.041945662	0.169195762	0	0.132310251	0	0.034544753
GTEX-1RMOY	0.068660065	0.686858594	0	0.04236678	0.169321829	0	0	0.032792731
GTEX-1RNTQ	0.03278871	0.73732956	0	0.044526946	0.180167844	0	0	0.00518694
GTEX-1RQEC	0.107819285	0.372896876	0.03086026	0.181580662	0.027051337	0.243226858	0.005684162	0.030880558
GTEX-1RQED	0.087570594	0.308239176	0.045978568	0.157131017	0	0.37295298	0	0.028127665
GTEX-1S3DN	0.090093836	0.672304861	0	0.019786036	0.173623015	0	0	0.044192252
GTEX-1S5VW	0.124791957	0.601218393	0	0.144087102	0.092700117	0	0	0.037202431
GTEX-1S5ZA	0.067340966	0.668043003	0	0.043014271	0.183390481	0	0	0.038211278
GTEX-1S5ZU	0.085557612	0.587151616	0	0.064139656	0.173558297	0	0	0.089592819
GTEX-1S82P	0.08070674	0.704589543	0	0.026848601	0.163393928	0	0	0.024461187
GTEX-1S82U	0.082391979	0.713056403	0	0.043420933	0.149039363	0	0	0.012091323
GTEX-1S82Y	0.094884737	0.642593345	0	0.059344456	0.189108858	0	0	0.014068603
GTEX-1S82Z	0.075126859	0.69293213	0	0.050946448	0.154951642	0	0	0.026042921
GTEX-1S831	0.054046864	0.683030736	0	0.022125349	0.21399284	0	0	0.026804211
GTEX-1S83E	0.075738268	0.648182147	0	0.04196009	0.205010381	0	0	0.029109114
GTEX-N7MS	0.105882333	0.11833943	0.038305462	0.172172952	0.017471888	0.379193905	0.123948358	0.044685672
GTEX-N7MT	0.057017697	0.426950113	0.084832438	0.07877791	0	0.310210914	0	0.042210928
GTEX-NFK9	0.093925393	0.463507981	0.062323154	0.058358673	0	0.291608271	0	0.030276528
GTEX-NPJ7	0.14484284	0.342448429	0.066184449	0.131304776	0	0.293543553	0	0.021675952
GTEX-NPJ8	0.088694894	0.60303048	0	0.143773173	0.131995325	0	0	0.032506129
GTEX-O5YT	0.068992634	0.756612159	0	0.024822416	0.140991788	0	0	0.008581003
GTEX-O5YW	0.073046555	0.615369086	0	0.125775475	0.146263483	0	0	0.039545401
GTEX-OHPK	0.060832106	0.70572592	0	0.060518823	0.156528305	0	0	0.016394847
GTEX-OHPL	0.103133917	0.686868165	0	0.052092744	0.13345829	0	0	0.024446884
GTEX-OHPM	0.076646084	0.670651676	0	0.052955462	0.170025428	0	0	0.02972135
GTEX-OHPN	0.03693948	0.327065963	0.097001761	0.133708274	0	0.382701048	0	0.022583475
GTEX-OIZF	0.042313522	0.589971956	0	0.063175438	0.277385898	0	0	0.027153187
GTEX-OIZH	0.088789899	0.588886707	0	0.041470924	0.208614521	0	0	0.072237949
GTEX-OIZI	0.109045933	0.682114437	0.018726786	0.131593414	0.045404224	0.005235734	0	0.007879471
GTEX-OOBJ	0.052371299	0.593080231	0	0.089430419	0.17242591	0.056175575	0	0.036516565
GTEX-OOBK	0.075885955	0.721304506	0	0.003366703	0.179843373	0	0	0.019599464
GTEX-OXRL	0.090957817	0.667272817	0	0.053377612	0.156176995	0	0	0.032214759
GTEX-OXRO	0.099880365	0.665103108	0	0.069661815	0.017125984	0.12772594	0	0.020502787
GTEX-OXRP	0.093157296	0.63141951	0	0.130594491	0.085179632	0	0	0.059649071
GTEX-P44G	0.040404574	0.667871323	0.03625414	0.16676867	0	0.038938151	0	0.049763141
GTEX-P44H	0.061917505	0.704391034	0	0.061164157	0.152721886	0	0	0.019805418
GTEX-P4PP	0.066567836	0.694361415	0	0.040754279	0.160097069	0	0	0.038219401
GTEX-P4PQ	0.081928767	0.720951522	0	0.056298269	0.133057351	0	0	0.007764091
GTEX-P4QS	0.07537013	0.69328111	0	0.031228972	0.150433646	0	0	0.049686141
GTEX-P78B	0.089207033	0.641919425	0.017633229	0.070717912	0.084006479	0.07966444	0	0.016851482
GTEX-PLZ4	0.150488075	0.585762663	0	0.139247897	0.030366358	0.078271538	0	0.015863468
GTEX-PLZ5	0.066584651	0.550513032	0	0.092453647	0.238912549	0	0	0.051536121
GTEX-PLZ6	0.068323466	0.698221591	0	0.046946584	0.123409178	0	0	0.063099182
GTEX-POMQ	0.061150767	0.659334975	0	0.03347937	0.221481619	0	0	0.024553269
GTEX-POYW	0.0639888	0.62334485	0.017041637	0.121410384	0.109712499	0.008506905	0	0.055994927
GTEX-PSDG	0.070089135	0.67839976	0.007999816	0.062024203	0	0.158436628	0	0.023050458
GTEX-PVOW	0.123866615	0.110137487	0.036235931	0.411569419	0	0.236422245	0.058490877	0.023277427
GTEX-PW2O	0.048051156	0.432316232	0	0.071822457	0.227520469	0.067499599	0	0.152790087
GTEX-PWCY	0.075135361	0.690991451	0	0.074089984	0.136169054	0	0	0.02361415
GTEX-PWN1	0.062197011	0.595330658	0	0.115087689	0.218093379	0	0	0.009291262
GTEX-PX3G	0.023360115	0.671966979	0	0.037497341	0.23176975	0	0	0.035405816
GTEX-Q2AG	0.116089912	0.318876067	0.067473693	0.09370785	0	0.372610344	0.005428702	0.025813431
GTEX-Q2AH	0.078781215	0.736307556	0	0.018875248	0.131457497	0	0	0.034578484
GTEX-Q2AI	0.107187658	0.737432669	0	0.027650141	0.101644557	0	0	0.026084976
GTEX-Q734	0.04259263	0.550614807	0.012135076	0.058774716	0.230673949	0.058214691	0	0.046994131
GTEX-QCQG	0.102561692	0.681682521	0	0.044420119	0.144340921	0.005065509	0	0.021929238
GTEX-QDT8	0.130479462	0.457519304	0	0.057873403	0.19779878	0.141161311	0	0.015167739
GTEX-QDVJ	0.066088909	0.556665656	0.085328182	0.101924254	0	0.167842131	0	0.022150868
GTEX-QDVN	0.111600517	0.717703737	0	0.021754805	0.132388304	0	0	0.016552637
GTEX-QEG4	0.145417557	0.109702438	0.04563837	0.114683586	0.055649001	0.385574589	0.117780464	0.025553995
GTEX-QEG5	0.086001462	0.597314147	0	0.074934852	0.182355578	0.001851535	0	0.057542425
GTEX-QESD	0.060239973	0.60495508	0	0.110538	0.202957605	0	0	0.021309342
GTEX-QLQ7	0.069124805	0.714482163	0	0.065743126	0.126535794	0	0	0.024114113
GTEX-QLQW	0.034883361	0.594957073	0.007163858	0.043634704	0.18014736	0.108840684	0	0.03037296
GTEX-QMR6	0.135002443	0.482676943	0	0.086079406	0.187911021	0	0	0.108330187
GTEX-QMRM	0.056599018	0.716487039	0	0.033721591	0.16166821	0	0	0.031524141
GTEX-QV31	0.051392144	0.752002028	0	0.017958476	0.157859955	0	0	0.020787397
GTEX-QVJO	0.146635345	0.395743399	0.031418287	0.124795713	0	0.190352052	0	0.111055204
GTEX-QVUS	0.147111685	0.530134217	0.004579442	0.134252538	0.01639739	0.122366448	0.021754797	0.023403483
GTEX-QXCU	0.032672801	0.522447061	0.101791565	0.211703294	0.072586748	0.056478515	0	0.002320016
GTEX-R3RS	0.07855811	0.09044237	0.104815571	0.019036985	0	0.615021327	0.081145997	0.01097964
GTEX-R45C	0.130109112	0.548043717	0.031102412	0.136350991	0.085188472	0.033449815	0	0.035755481
GTEX-R53T	0.045018223	0.54859124	0	0	0.379176576	0.004413985	0	0.022799975
GTEX-R55C	0.076320421	0.691572788	0	0.030755467	0.148555734	0	0	0.052795589
GTEX-R55D	0.136664285	0.52146362	0.047457207	0.057842571	0	0.214207866	0	0.022364452
GTEX-R55E	0.07264493	0.117884896	0.082091846	0.094576837	0	0.490494726	0.135694208	0.006612557
GTEX-R55G	0.074636787	0.711250295	0	0.048305033	0.140247753	0	0	0.025560132
GTEX-REY6	0.062085738	0.567762996	0.050358622	0.139713402	0.042209167	0.102782822	0	0.035087253
GTEX-RM2N	0.076817681	0.658690759	0	0	0.199965898	0	0.004804119	0.059721543
GTEX-RN64	0.092296665	0.072028578	0.022522891	0.370764528	0.078095537	0.296405157	0.054699835	0.013186808
GTEX-RNOR	0.091535979	0.270790493	0.056436767	0.186188095	0	0.376550965	0.005458343	0.013039358
GTEX-RTLS	0.111453974	0.399922308	0.014702754	0.05340498	0.141416638	0.057282063	0.126726929	0.095090354
GTEX-RU1J	0.032609048	0.765058039	0	0.027955916	0.170757416	0	0	0.00361958
GTEX-RU72	0.063330945	0.243785023	0.094952641	0.134227256	0	0.441995366	0.011131425	0.010577344
GTEX-RUSQ	0.086950899	0.629150072	0	0.024664114	0.155904068	0	0	0.103330846
GTEX-RVPV	0.163419755	0.474705195	0	0.201300696	0	0.125565405	0	0.035008948
GTEX-RWS6	0.08132205	0.600146652	0	0.003496565	0.249538505	0.036423794	0	0.029072434
GTEX-RWSA	0.067977829	0.69644461	0.012049062	0.093594024	0.092840007	0.013392437	0.000787581	0.022914449
GTEX-S32W	0.110607126	0.761274466	0	0.000119001	0.106401199	0	0	0.021598208
GTEX-S33H	0.101374659	0.306051891	0.030903206	0.12466926	0.07753375	0.257436157	0.079029307	0.023001769
GTEX-S341	0.078231681	0.660692877	0	0.037679302	0.171896664	0	0	0.051499477
GTEX-S7PM	0.092894997	0.36792276	0.086625436	0.115042811	0	0.315963333	0.0064091	0.015141563
GTEX-S7SE	0.09230632	0.055375113	0.113318163	0.105525784	0	0.504571956	0.121049507	0.007853158
GTEX-S95S	0.092935831	0.727521777	0	0.041424768	0.121394216	0	0	0.016723407
GTEX-SE5C	0.070710758	0.724266909	0	0.054382054	0.136846477	0	0	0.013793802
GTEX-SIU8	0.057838199	0.086274608	0.104635416	0.190662378	0	0.525103807	0.022363671	0.013121921
GTEX-SJXC	0.092867634	0.104038763	0.073574018	0.278450618	0	0.385154405	0.052762999	0.013151564
GTEX-SN8G	0.093439821	0.629850425	0	0.08161914	0.128042582	0.011996933	0	0.055051099
GTEX-SNMC	0.075247806	0.745084154	0	0.014684645	0.161715687	0	0	0.003267707
GTEX-SNOS	0.069909936	0.759025386	0	0.019822263	0.114537568	0	0	0.036704847
GTEX-SSA3	0.032225549	0.472494137	0.001675039	0.063582592	0.374119324	0.009862621	0.003500237	0.042540502
GTEX-SUCS	0.098814821	0.691075282	0	0.031068871	0.160880161	0	0	0.018160864
GTEX-T2YK	0.18373124	0.515544635	0	0.060144843	0.081550586	0.12882182	0	0.030206877
GTEX-T5JC	0.146572436	0.601993614	0	0.128312772	0.018021502	0.070746755	0	0.034352922
GTEX-T5JW	0.089728827	0.679003342	0	0.062536508	0.163246952	0	0	0.005484371
GTEX-T6MN	0.060197804	0.249771119	0.059716236	0.166122677	0	0.432616914	0.010761818	0.020813432
GTEX-T6MO	0.061807724	0.731842435	0	0.034033435	0.135028617	0	0	0.037287788
GTEX-T8EM	0.086576629	0.599778181	0.033353147	0.089555195	0	0.166264368	0	0.024472479
GTEX-TKQ1	0.063176409	0.716281737	0	0.065562084	0.15018505	0	0	0.00479472
GTEX-TKQ2	0.04206201	0.604892457	0	0.107019137	0.200660944	0.031602923	0	0.013762528
GTEX-TML8	0.061901097	0.575425446	0	0.06144012	0.262207021	0.000835943	0	0.038190374
GTEX-TMMY	0.13009463	0.592865462	0.030608638	0.107425044	0.094788719	0	0	0.044217507
GTEX-TMZS	0.072618358	0.633202636	0	0.023759687	0.234008479	0	0	0.036410841
GTEX-TSE9	0.078431576	0.631846979	0	0.143456952	0.01133517	0.105808069	0	0.029121254
GTEX-U3ZG	0.044680416	0.504566036	0.018940052	0.000109058	0.197081952	0.199084061	0	0.035538424
GTEX-U3ZH	0.03852789	0.633197832	0.016834446	0.06724652	0.181058311	0.023312296	0	0.039822704
GTEX-U3ZN	0.051795179	0.645308428	0	0.051238485	0.232196086	0	0	0.019461822
GTEX-U4B1	0.062910269	0.731079966	0	0.02771009	0.162443496	0	0	0.015856178
GTEX-U8T8	0.139945152	0.652977712	0	0.086311787	0.061452168	0.035048796	0	0.024264385
GTEX-U8XE	0.002635882	0.630634879	0.09485724	0.148654369	0	0.110587301	0	0.012630329
GTEX-UJHI	0.055413922	0.660550122	0.038878014	0.055485288	0.035016093	0.152548704	0	0.002107857
GTEX-UJMC	0.088746772	0.726306779	0	0.035614729	0.119270323	0.000674155	0	0.029387243
GTEX-UPJH	0.082563201	0.360243031	0.060988855	0.123751803	0	0.342358599	6.77E-05	0.030026849
GTEX-UPK5	0.056618149	0.364427063	0.07923892	0.112510958	0	0.335415952	0	0.051788958
GTEX-UTHO	0.149635608	0.606736889	0.011101437	0.017533305	0.102203211	0.081794465	0	0.030995085
GTEX-V1D1	0.037529869	0.667658939	0	0.10218729	0.169840021	0	0	0.022783881
GTEX-V955	0.057488101	0.684578045	0	0.048104292	0.170666454	0	0	0.039163107
GTEX-VJWN	0.072021593	0.586469447	0.040670452	0.089455163	0	0.169717903	0	0.041665442
GTEX-VJYA	0.056296987	0.679104387	0	0.049693762	0.180307377	0	0	0.034597487
GTEX-VUSG	0.073035777	0.551074414	0.030499621	0.115525505	0.133753378	0.073342225	0	0.022769079
GTEX-VUSH	0.057659505	0.733766663	0	0.026751665	0.168905088	0	0	0.01291708
GTEX-W5WG	0.056341122	0.748320953	0	0.044369214	0.100154794	0	0	0.050813917
GTEX-W5X1	0.035350124	0.376301883	0.025180581	0.081441762	0.269724913	0.202512838	0	0.009487899
GTEX-WCDI	0.049717198	0.561916167	0	0.075568406	0.272701436	0	0	0.040096792
GTEX-WEY5	0.084719356	0.657853828	0	0.02954554	0.170615628	0	0	0.057265648
GTEX-WFG7	0.071417027	0.709729714	0	0.027592643	0.179681898	0	0	0.011578717
GTEX-WFG8	0.027782704	0.784424458	0	0.103552051	0.079010038	0	0	0.005230749
GTEX-WFJO	0.075221369	0.641837334	0	0.064447928	0.085246729	0.069457442	0	0.063789197
GTEX-WFON	0.077894338	0.666988806	0	0.056132915	0.174243869	0	0	0.024740072
GTEX-WH7G	0.079462044	0.693815851	0	0.012257875	0.179501214	0	0	0.034963016
GTEX-WHPG	0.021363854	0.670381872	0.005065722	0.193586097	0.090165434	0	0	0.019437021
GTEX-WHSB	0.079319081	0.660660145	0	0.057575612	0.180077917	0	0	0.022367244
GTEX-WHSE	0.113264356	0.342442295	0	0.267119821	0	0.259044945	0	0.018128584
GTEX-WHWD	0.067732697	0.635935745	0	0.063311648	0.202020797	0	0	0.030999114
GTEX-WI4N	0	0.660738534	0.068649031	0.13100986	0	0.109574264	0	0.030028311
GTEX-WK11	0.115415298	0.271025145	0.121031431	0.158304846	0	0.308632725	0.007620021	0.017970535
GTEX-WL46	0.114603983	0.157242265	0.089162392	0.208817901	0	0.405456018	0.016496936	0.008220505
GTEX-WOFL	0.15711785	0.558762914	0	0.155312666	0.066756884	0.031628145	0	0.030421541
GTEX-WOFM	0.06591569	0.665304808	0	0.053044936	0.173880729	0	0	0.041853836
GTEX-WQUQ	0.120985539	0.637593495	0.055065083	0.099881801	0.002488118	0.072977492	0	0.011008471
GTEX-WRHK	0.070875731	0.737263531	0	0.046644628	0.136105848	0	0	0.009110263
GTEX-WRHU	0.034824194	0.171453774	0.215469123	0.081865083	0	0.472117751	0.017832823	0.006437251
GTEX-WVLH	0.100746696	0.559494796	0.044704834	0.056432293	0.129902123	0.06401074	0	0.044708518
GTEX-WWYW	0.102321954	0.589445453	0.015669812	0.171784345	0.025985238	0.064484049	0	0.03030915
GTEX-WXYG	0.072593856	0.716221258	0	0.03341469	0.156278476	0	0	0.02149172
GTEX-WY7C	0.085776001	0.70323126	0	0.028054531	0.16249867	0	0	0.020439538
GTEX-WYBS	0.085510511	0.513506092	0.059501469	0.139457332	0	0.164570106	0	0.03745449
GTEX-WYJK	0.074038627	0.601030635	0.040376712	0.080908141	0.137339172	0	0	0.066306713
GTEX-WYVS	0.087961808	0.518416168	0.005638813	0.14134078	0.093939755	0.124647646	0	0.02805503
GTEX-WZTO	0.083297063	0.050314561	0.058433338	0.266655081	0.022780619	0.43223713	0.062082656	0.024199552
GTEX-X15G	0.055572498	0.67082925	0	0.037920691	0.186259124	0.014652462	0	0.034765975
GTEX-X261	0.129671803	0.589597736	0	0.090706354	0.137411022	0.003421506	0	0.04919158
GTEX-X3Y1	0.09379773	0.586702081	0	0.158066785	0.143254116	0	0	0.018179288
GTEX-X4EO	0.104413454	0.321955541	0.087417887	0.151069426	0	0.312333278	0.008297448	0.014512965
GTEX-X4EP	0.093081616	0.586802507	0	0.147892508	0.10995232	0.006472622	0	0.055798427
GTEX-X4LF	0.089662889	0.617695035	0	0.065855409	0.20753295	0	0	0.019253716
GTEX-X4XX	0.109769359	0.467345393	0.020166593	0.154249169	0.162802641	0.057816145	0	0.0278507
GTEX-X4XY	0.102904506	0.520175433	0.042702574	0.143651077	0.086462309	0.07690563	0	0.027198471
GTEX-X585	0.110779382	0.397056965	0.086025754	0.07362898	0	0.325726046	0	0.006782872
GTEX-X5EB	0.075049964	0.66711581	0	0.066950069	0.162768757	0	0	0.028115399
GTEX-X62O	0.126529386	0.59395262	0.035793637	0.067164739	0.138145334	0.0118192	0	0.026595084
GTEX-X638	0.092264592	0.261824899	0	0.171975381	0.251080816	0.162249581	0.042047757	0.018556975
GTEX-X88G	0.077805905	0.628688633	0	0.02644496	0.225484733	0	0	0.04157577
GTEX-X8HC	0.078256695	0.518702271	0.048329289	0.088651621	0.041793124	0.164965715	0	0.059301285
GTEX-XAJ8	0.082618286	0.64909163	0	0.068831805	0.185296942	0	0	0.014161337
GTEX-XBEC	0.157616044	0.468675299	0.015038832	0.135015781	0.053434688	0.134631254	0	0.035588103
GTEX-XBED	0.095411031	0.633230281	0	0.065557289	0.170575001	0	0	0.035226398
GTEX-XBEW	0.205429079	0.566370686	0	0.076955133	0.08638105	0.051037944	0	0.013826107
GTEX-XGQ4	0.067788096	0.727235545	0	0.051118276	0.140089127	0	0	0.013768956
GTEX-XK95	0.067584838	0.582490087	0	0.184637144	0.10675266	0	0	0.05853527
GTEX-XLM4	0.137817181	0.486881854	0.033309837	0.134508155	0	0.187135259	0.009108765	0.011238949
GTEX-XMD1	0.077404116	0.583975606	0	0.116772103	0.177925108	0.026802679	0	0.017120389
GTEX-XMD2	0.159803711	0.420039038	0.013692814	0.145291614	0.019945522	0.166466097	0	0.074761204
GTEX-XMD3	0.188636896	0.188447251	0	0.173587383	0.117709776	0.306736632	0.01290287	0.011979192
GTEX-XMK1	0.048991563	0.566206558	0	0.088189977	0.274003156	0.001314528	0	0.021294219
GTEX-XOT4	0.05907484	0.126598044	0.119489454	0.113918203	0	0.53977993	0.031864153	0.009275376
GTEX-XPT6	0.086407219	0.662328737	0	0.036648208	0.184029343	0	0	0.030586492
GTEX-XPVG	0.051654317	0.707318083	0	0.041149343	0.15940812	0	0	0.040470137
GTEX-XQ3S	0.093187058	0.29851584	0.026731156	0.306795873	0	0.25809352	0.006110065	0.010566487
GTEX-XQ8I	0.102685261	0.613581198	0	0.075939136	0.164197407	0.00287243	0	0.040724567
GTEX-XUW1	0.113734732	0.647669557	0	0.107189401	0.122048017	0	0	0.009358293
GTEX-XUYS	0.044243929	0.267873569	0.012930034	0.11122336	0.437631784	0.102408975	0.008132163	0.015556186
GTEX-XUZC	0.059714887	0.683794497	0	0.053692211	0.162714244	0	0	0.040084161
GTEX-XXEK	0.061885052	0.624320635	0	0.094444864	0.202349064	0	0	0.017000386
GTEX-XYKS	0.07569188	0.603157772	0	0.070021461	0.236818113	0	0	0.014310773
GTEX-Y111	0.134126803	0.260656823	0.042296691	0.127978816	0.156954779	0.265778042	0.007455209	0.004752836
GTEX-Y114	0.080522004	0.662382139	0	0.063575432	0.179055945	0	0	0.01446448
GTEX-Y3I4	0.100736007	0.660888778	0	0.02685986	0.176726409	0	0	0.034788945
GTEX-Y3IK	0.061384215	0.645032742	0	0.064092042	0.175136713	0	0	0.054354287
GTEX-Y5LM	0.053394244	0.721730999	0	0.048874839	0.163409806	0	0	0.012590111
GTEX-Y5V5	0.146560973	0.296695471	0.005900515	0.208568617	0.086979176	0.169379558	0.051207295	0.034708394
GTEX-Y5V6	0.06744764	0.723660078	0	0.056648274	0.140538799	0	0	0.011705209
GTEX-Y8DK	0.10146097	0.189562655	0.077679921	0.250560634	0	0.362752038	0.005326559	0.012657223
GTEX-Y8E4	0.105380269	0.443080566	0.047940028	0.144074829	0.121765549	0.136265098	0	0.001493661
GTEX-Y8E5	0.07247778	0.573489189	0	0.079116359	0.189861727	0.042184551	0	0.042870394
GTEX-Y8LW	0.077847486	0.705000263	0	0.051510268	0.154430204	0	0	0.011211779
GTEX-Y9LG	0.071701285	0.663092901	0	0.087400912	0.155693847	0	0	0.022111054
GTEX-YB5E	0.045023942	0.732268239	0	0.027872377	0.165925783	0	0	0.028909659
GTEX-YB5K	0.075193515	0.703457489	0	0.040386601	0.170994728	0	0	0.009967667
GTEX-YBZK	0.053186894	0.310076327	0.00313575	0.057497021	0.356271808	0.157180361	0.011764206	0.050887632
GTEX-YEC3	0.08356487	0.670567361	0	0.070678723	0.152195764	0	0	0.022993282
GTEX-YEC4	0.053169943	0.725551429	0	0.089979304	0.120396454	0	0	0.01090287
GTEX-YECK	0.089997583	0.160150962	0.087943635	0.145971467	0	0.471343795	0.028312968	0.01627959
GTEX-YF7O	0.082391921	0.693790378	0	0.044346261	0.15904721	0	0	0.02042423
GTEX-YFC4	0.135585759	0.611307394	0	0.073114824	0.099805075	0.068915238	0	0.011271709
GTEX-YFCO	0.0648845	0.680297029	0	0.043122903	0.182739762	0	0	0.028955806
GTEX-Z93S	0.11863496	0.093482496	0.178039774	0.115686522	0	0.479637348	0.011110015	0.003408885
GTEX-ZAB4	0.083120938	0.533003044	0.015576545	0.086120235	0.088694433	0.175939821	0	0.017544985
GTEX-ZC5H	0.115690896	0.546550325	0	0.08007467	0.120273045	0.014811897	0	0.122599167
GTEX-ZDTS	0.09595804	0.100977739	0.067890391	0.172765821	0	0.433403711	0.116538081	0.012466219
GTEX-ZDTT	0.051297288	0.750190379	0	0.018792586	0.165127676	0	0	0.014592071
GTEX-ZDXO	0.082352043	0.353631323	0.073501813	0.119340538	0.034935039	0.261583837	0.034469059	0.040186349
GTEX-ZDYS	0.078465523	0.673281335	0.010956275	0.097430715	0.122585053	0	0	0.017281099
GTEX-ZE7O	0.159470646	0.247967048	0.053252895	0.212359311	0.00448028	0.308078111	0	0.01439171
GTEX-ZE9C	0.054635332	0.316697894	0.149762679	0.168285925	0.123261381	0.179582257	0	0.007774533
GTEX-ZEX8	0.051457177	0.566115467	0	0.084686302	0.273882218	0.010611289	0	0.013247547
GTEX-ZF28	0.125515881	0.606530135	0	0.098678886	0.03529767	0.088214588	0	0.045762841
GTEX-ZF29	0.072816675	0.730143958	0	0.036551233	0.141360126	0	0	0.019128008
GTEX-ZF2S	0.039450912	0.64454808	0	0.089551522	0.166617935	0	0	0.05983155
GTEX-ZF3C	0.122454942	0.338956412	0	0.24223476	0.119969445	0.066379765	0.060857853	0.049146823
GTEX-ZG7Y	0.088303932	0.683572534	0	0.053417658	0.156364026	0	0	0.01834185
GTEX-ZGAY	0.058079676	0.574516632	0	0.103790909	0.212603255	0.035501305	0	0.015508224
GTEX-ZLV1	0.089956446	0.686556502	0	0	0.191522003	0	0	0.031965049
GTEX-ZP4G	0.078424197	0.690525323	0	0.054254608	0.172996791	0	0	0.003799081
GTEX-ZPCL	0.06853996	0.756664148	0	0.014208941	0.128894448	0	0	0.031692503
GTEX-ZPIC	0.087172468	0.70397537	0	0.028631571	0.157858842	0	0	0.022361751
GTEX-ZPU1	0.063208749	0.591037899	0	0.098442681	0.193958076	0.021312025	0	0.032040569
GTEX-ZQG8	0.091102316	0.619753745	0	0.029969667	0.207938616	0	0	0.051235655
GTEX-ZQUD	0.087187556	0.589420003	0	0.084041041	0.140857424	0.025590712	0	0.072903265
GTEX-ZT9W	0.071349996	0.753771229	0	0.037447955	0.124447018	0	0	0.012983803
GTEX-ZTPG	0.041954322	0.736277799	0	0.10690478	0.069500384	0	0	0.045362715
GTEX-ZTSS	0.092333408	0.714087912	0	0.013349653	0.127798852	0	0	0.052430175
GTEX-ZTTD	0.060307448	0.677966359	0.015347438	0.10239932	0.016501969	0.117431607	0	0.010045858
GTEX-ZTX8	0.095643176	0.663701448	0	0.025504471	0.188812376	0	0	0.026338529
GTEX-ZUA1	0.089178513	0.102877823	0.069601829	0.256414207	0.073101011	0.329516044	0.060252225	0.019058348
GTEX-ZV68	0.074869666	0.289300761	0.122518698	0.091051414	0	0.405831968	0	0.016427494
GTEX-ZV7C	0.084773878	0.700978439	0	0.029852627	0.164427878	0	0	0.019967178
GTEX-ZVE2	0.105291855	0.556253564	0	0.081449145	0.200457113	0	0	0.056548322
GTEX-ZVP2	0.064011237	0.766241846	0	0.01840988	0.130136403	0	0	0.021200634
GTEX-ZVT2	0.066722013	0.685124541	0	0.043540035	0.161177707	0	0	0.043435704
GTEX-ZVT3	0.064658946	0.270484067	0.105145649	0.117787739	0	0.417543232	0.00744513	0.016935237
GTEX-ZVT4	0.152361325	0.594627929	0	0.114383172	0.086631896	0.00239084	0	0.049604838
GTEX-ZVTK	0.063654947	0.148076734	0.057703381	0.247630528	0.098888153	0.288554274	0.071045343	0.024446639
GTEX-ZVZP	0.077984074	0.732380755	0	0.007514753	0.162885748	0	0	0.01923467
GTEX-ZVZQ	0.059461989	0.155489111	0.116354905	0.166235409	0	0.476605392	0.005362673	0.02049052
GTEX-ZXES	0.059434258	0.625675696	0	0.080908659	0.188800259	0	0	0.045181129
GTEX-ZXG5	0.130632758	0.453683925	0.033823022	0.006894304	0	0.333290481	0.031774182	0.009901329
